team,bot,round,units,total,longest,pearls,splits,deaths,enemy_kills,killed_by_enemy,team_kills,self_collisions,wall_deaths,invalid_action_deaths,suicides,tle,unattributed_collision_deaths,space_share,space_tied,space_unreachable
A,gavroche-v30-saturated-sprint-cap,0,6,29,14,0,0,0,0,0,0,0,0,0,0,0,0,47.325102880658434,5.349794238683128,0.0
A,gavroche-v30-saturated-sprint-cap,1,7,30,13,1,1,0,0,0,0,0,0,0,0,0,0,,,
A,gavroche-v30-saturated-sprint-cap,2,9,31,9,2,3,0,0,0,0,0,0,0,0,0,0,,,
A,gavroche-v30-saturated-sprint-cap,3,10,33,7,4,4,0,0,0,0,0,0,0,0,0,0,,,
A,gavroche-v30-saturated-sprint-cap,4,11,35,5,6,5,0,0,0,0,0,0,0,0,0,0,,,
A,gavroche-v30-saturated-sprint-cap,5,14,35,3,6,8,0,0,0,0,0,0,0,0,0,0,,,
A,gavroche-v30-saturated-sprint-cap,6,12,30,3,6,8,2,0,0,0,0,2,0,0,0,0,,,
A,gavroche-v30-saturated-sprint-cap,7,12,30,3,6,8,2,0,0,0,0,2,0,0,0,0,,,
A,gavroche-v30-saturated-sprint-cap,8,12,30,3,6,8,2,0,0,0,0,2,0,0,0,0,,,
A,gavroche-v30-saturated-sprint-cap,9,12,31,4,7,8,2,0,0,0,0,2,0,0,0,0,,,
A,gavroche-v30-saturated-sprint-cap,10,13,31,3,7,9,2,0,0,0,0,2,0,0,0,0,47.42798353909465,1.131687242798354,0.0
A,gavroche-v30-saturated-sprint-cap,11,13,32,3,8,9,2,0,0,0,0,2,0,0,0,0,,,
A,gavroche-v30-saturated-sprint-cap,12,13,33,4,9,9,2,0,0,0,0,2,0,0,0,0,,,
A,gavroche-v30-saturated-sprint-cap,13,13,34,5,10,9,2,0,0,0,0,2,0,0,0,0,,,
A,gavroche-v30-saturated-sprint-cap,14,14,34,3,10,10,2,0,0,0,0,2,0,0,0,0,,,
A,gavroche-v30-saturated-sprint-cap,15,13,31,3,10,10,3,0,0,0,0,3,0,0,0,0,,,
A,gavroche-v30-saturated-sprint-cap,16,13,31,3,10,10,3,0,0,0,0,3,0,0,0,0,,,
A,gavroche-v30-saturated-sprint-cap,17,13,31,3,10,10,3,0,0,0,0,3,0,0,0,0,,,
A,gavroche-v30-saturated-sprint-cap,18,13,31,3,10,10,3,0,0,0,0,3,0,0,0,0,,,
A,gavroche-v30-saturated-sprint-cap,19,13,32,3,11,10,3,0,0,0,0,3,0,0,0,0,,,
A,gavroche-v30-saturated-sprint-cap,20,13,33,4,12,10,3,0,0,0,0,3,0,0,0,0,49.794238683127574,2.1604938271604937,0.0
A,gavroche-v30-saturated-sprint-cap,21,13,34,5,13,10,3,0,0,0,0,3,0,0,0,0,,,
A,gavroche-v30-saturated-sprint-cap,22,14,35,3,14,11,3,0,0,0,0,3,0,0,0,0,,,
A,gavroche-v30-saturated-sprint-cap,23,13,32,3,14,11,4,0,0,0,0,4,0,0,0,0,,,
A,gavroche-v30-saturated-sprint-cap,24,13,33,4,15,11,4,0,0,0,0,4,0,0,0,0,,,
A,gavroche-v30-saturated-sprint-cap,25,13,34,5,16,11,4,0,0,0,0,4,0,0,0,0,,,
A,gavroche-v30-saturated-sprint-cap,26,13,35,6,17,11,4,0,0,0,0,4,0,0,0,0,,,
A,gavroche-v30-saturated-sprint-cap,27,13,34,4,18,12,5,0,0,1,0,4,0,0,0,0,,,
A,gavroche-v30-saturated-sprint-cap,28,14,35,4,19,13,5,0,0,1,0,4,0,0,0,0,,,
A,gavroche-v30-saturated-sprint-cap,29,14,34,3,20,14,6,0,0,1,0,5,0,0,0,0,,,
A,gavroche-v30-saturated-sprint-cap,30,14,38,4,24,14,6,0,0,1,0,5,0,0,0,0,46.81069958847737,7.304526748971194,0.0
A,gavroche-v30-saturated-sprint-cap,31,17,38,3,24,17,6,0,0,1,0,5,0,0,0,0,,,
A,gavroche-v30-saturated-sprint-cap,32,17,38,3,24,17,6,0,0,1,0,5,0,0,0,0,,,
A,gavroche-v30-saturated-sprint-cap,33,17,39,3,25,17,6,0,0,1,0,5,0,0,0,0,,,
A,gavroche-v30-saturated-sprint-cap,34,17,39,3,25,17,6,0,0,1,0,5,0,0,0,0,,,
A,gavroche-v30-saturated-sprint-cap,35,17,39,3,25,17,6,0,0,1,0,5,0,0,0,0,,,
A,gavroche-v30-saturated-sprint-cap,36,17,40,3,26,17,6,0,0,1,0,5,0,0,0,0,,,
A,gavroche-v30-saturated-sprint-cap,37,17,41,4,27,17,6,0,0,1,0,5,0,0,0,0,,,
A,gavroche-v30-saturated-sprint-cap,38,17,45,5,31,17,6,0,0,1,0,5,0,0,0,0,,,
A,gavroche-v30-saturated-sprint-cap,39,19,46,4,32,19,6,0,0,1,0,5,0,0,0,0,,,
A,gavroche-v30-saturated-sprint-cap,40,17,42,5,33,19,8,0,0,2,0,6,0,0,0,0,51.23456790123457,8.436213991769547,0.0
A,gavroche-v30-saturated-sprint-cap,41,18,42,3,33,20,8,0,0,2,0,6,0,0,0,0,,,
A,gavroche-v30-saturated-sprint-cap,42,17,40,4,34,20,9,0,0,2,0,7,0,0,0,0,,,
A,gavroche-v30-saturated-sprint-cap,43,17,41,5,35,20,9,0,0,2,0,7,0,0,0,0,,,
A,gavroche-v30-saturated-sprint-cap,44,17,45,6,39,20,9,0,0,2,0,7,0,0,0,0,,,
A,gavroche-v30-saturated-sprint-cap,45,18,48,4,42,21,9,0,0,2,0,7,0,0,0,0,,,
A,gavroche-v30-saturated-sprint-cap,46,19,51,5,45,22,9,0,0,2,0,7,0,0,0,0,,,
A,gavroche-v30-saturated-sprint-cap,47,20,52,4,48,24,10,0,0,2,0,8,0,0,0,0,,,
A,gavroche-v30-saturated-sprint-cap,48,19,47,5,49,25,12,0,0,2,0,10,0,0,0,0,,,
A,gavroche-v30-saturated-sprint-cap,49,20,47,3,49,26,12,0,0,2,0,10,0,0,0,0,,,
A,gavroche-v30-saturated-sprint-cap,50,19,45,3,50,26,13,0,0,2,0,11,0,0,0,0,65.02057613168725,9.053497942386832,0.0
A,gavroche-v30-saturated-sprint-cap,51,19,46,3,51,26,13,0,0,2,0,11,0,0,0,0,,,
A,gavroche-v30-saturated-sprint-cap,52,19,46,3,51,26,13,0,0,2,0,11,0,0,0,0,,,
A,gavroche-v30-saturated-sprint-cap,53,19,48,4,53,26,13,0,0,2,0,11,0,0,0,0,,,
A,gavroche-v30-saturated-sprint-cap,54,19,47,3,54,27,14,1,1,2,0,11,0,0,0,0,,,
A,gavroche-v30-saturated-sprint-cap,55,19,48,4,55,27,14,1,1,2,0,11,0,0,0,0,,,
A,gavroche-v30-saturated-sprint-cap,56,19,51,5,58,27,14,1,1,2,0,11,0,0,0,0,,,
A,gavroche-v30-saturated-sprint-cap,57,20,52,5,59,28,14,1,1,2,0,11,0,0,0,0,,,
A,gavroche-v30-saturated-sprint-cap,58,19,49,6,60,28,15,1,1,2,0,12,0,0,0,0,,,
A,gavroche-v30-saturated-sprint-cap,59,20,49,4,60,29,15,1,1,2,0,12,0,0,0,0,,,
A,gavroche-v30-saturated-sprint-cap,60,19,45,3,60,29,16,1,1,2,0,13,0,0,0,0,70.67901234567901,3.8065843621399176,0.0
A,gavroche-v30-saturated-sprint-cap,61,19,46,3,61,29,16,1,1,2,0,13,0,0,0,0,,,
A,gavroche-v30-saturated-sprint-cap,62,18,46,3,64,29,17,2,1,2,0,14,0,0,0,0,,,
A,gavroche-v30-saturated-sprint-cap,63,17,44,4,65,29,18,3,2,2,0,14,0,0,0,0,,,
A,gavroche-v30-saturated-sprint-cap,64,18,47,4,68,30,18,3,2,2,0,14,0,0,0,0,,,
A,gavroche-v30-saturated-sprint-cap,65,19,49,5,70,31,18,3,2,2,0,14,0,0,0,0,,,
A,gavroche-v30-saturated-sprint-cap,66,19,53,6,74,31,18,3,2,2,0,14,0,0,0,0,,,
A,gavroche-v30-saturated-sprint-cap,67,22,53,4,74,34,18,3,2,2,0,14,0,0,0,0,,,
A,gavroche-v30-saturated-sprint-cap,68,22,51,3,75,35,19,3,2,2,0,15,0,0,0,0,,,
A,gavroche-v30-saturated-sprint-cap,69,21,50,4,76,35,20,3,2,2,0,16,0,0,0,0,,,
A,gavroche-v30-saturated-sprint-cap,70,22,50,3,76,36,20,3,2,2,0,16,0,0,0,0,73.66255144032922,4.012345679012346,0.0
A,gavroche-v30-saturated-sprint-cap,71,22,51,3,77,36,20,3,2,2,0,16,0,0,0,0,,,
A,gavroche-v30-saturated-sprint-cap,72,22,53,4,79,36,20,3,2,2,0,16,0,0,0,0,,,
A,gavroche-v30-saturated-sprint-cap,73,23,54,5,80,37,20,3,2,2,0,16,0,0,0,0,,,
A,gavroche-v30-saturated-sprint-cap,74,22,54,6,82,37,21,3,2,2,0,17,0,0,0,0,,,
A,gavroche-v30-saturated-sprint-cap,75,24,55,4,83,39,21,3,2,2,0,17,0,0,0,0,,,
A,gavroche-v30-saturated-sprint-cap,76,26,55,3,83,41,21,3,2,2,0,17,0,0,0,0,,,
A,gavroche-v30-saturated-sprint-cap,77,25,55,4,85,41,22,3,2,2,0,18,0,0,0,0,,,
A,gavroche-v30-saturated-sprint-cap,78,26,55,3,85,42,22,3,2,2,0,18,0,0,0,0,,,
A,gavroche-v30-saturated-sprint-cap,79,26,55,3,85,42,22,3,2,2,0,18,0,0,0,0,,,
A,gavroche-v30-saturated-sprint-cap,80,26,56,3,86,42,22,3,2,2,0,18,0,0,0,0,73.04526748971193,2.983539094650206,0.0
A,gavroche-v30-saturated-sprint-cap,81,26,59,4,89,42,22,3,2,2,0,18,0,0,0,0,,,
A,gavroche-v30-saturated-sprint-cap,82,27,62,5,92,43,22,3,2,2,0,18,0,0,0,0,,,
A,gavroche-v30-saturated-sprint-cap,83,28,63,4,93,44,22,3,2,2,0,18,0,0,0,0,,,
A,gavroche-v30-saturated-sprint-cap,84,27,61,5,94,44,23,3,2,2,0,19,0,0,0,0,,,
A,gavroche-v30-saturated-sprint-cap,85,28,62,3,95,45,23,3,2,2,0,19,0,0,0,0,,,
A,gavroche-v30-saturated-sprint-cap,86,27,59,3,95,45,24,3,2,2,0,20,0,0,0,0,,,
A,gavroche-v30-saturated-sprint-cap,87,27,59,3,95,45,24,3,2,2,0,20,0,0,0,0,,,
A,gavroche-v30-saturated-sprint-cap,88,27,59,3,95,45,24,3,2,2,0,20,0,0,0,0,,,
A,gavroche-v30-saturated-sprint-cap,89,27,60,4,96,45,24,3,2,2,0,20,0,0,0,0,,,
A,gavroche-v30-saturated-sprint-cap,90,28,61,3,97,46,24,3,2,2,0,20,0,0,0,0,85.18518518518519,3.1893004115226335,0.0
A,gavroche-v30-saturated-sprint-cap,91,28,62,4,98,46,24,3,2,2,0,20,0,0,0,0,,,
A,gavroche-v30-saturated-sprint-cap,92,29,62,3,98,47,24,3,2,2,0,20,0,0,0,0,,,
A,gavroche-v30-saturated-sprint-cap,93,28,60,3,98,47,25,4,3,2,0,20,0,0,0,0,,,
A,gavroche-v30-saturated-sprint-cap,94,28,62,3,100,47,25,4,3,2,0,20,0,0,0,0,,,
A,gavroche-v30-saturated-sprint-cap,95,28,63,4,101,47,25,4,3,2,0,20,0,0,0,0,,,
A,gavroche-v30-saturated-sprint-cap,96,28,64,5,102,47,25,4,3,2,0,20,0,0,0,0,,,
A,gavroche-v30-saturated-sprint-cap,97,29,65,3,103,48,25,4,3,2,0,20,0,0,0,0,,,
A,gavroche-v30-saturated-sprint-cap,98,28,63,3,104,48,26,4,3,2,0,21,0,0,0,0,,,
A,gavroche-v30-saturated-sprint-cap,99,28,65,4,106,48,26,4,3,2,0,21,0,0,0,0,,,
A,gavroche-v30-saturated-sprint-cap,100,28,66,5,107,48,26,4,3,2,0,21,0,0,0,0,82.4074074074074,1.337448559670782,0.0
A,gavroche-v30-saturated-sprint-cap,101,28,67,6,108,48,26,4,3,2,0,21,0,0,0,0,,,
A,gavroche-v30-saturated-sprint-cap,102,29,69,4,110,49,26,4,3,2,0,21,0,0,0,0,,,
A,gavroche-v30-saturated-sprint-cap,103,31,71,4,112,51,26,4,3,2,0,21,0,0,0,0,,,
A,gavroche-v30-saturated-sprint-cap,104,30,72,5,115,51,27,4,3,2,0,22,0,0,0,0,,,
A,gavroche-v30-saturated-sprint-cap,105,31,73,6,116,52,27,4,3,2,0,22,0,0,0,0,,,
A,gavroche-v30-saturated-sprint-cap,106,31,72,4,118,53,28,4,3,2,0,23,0,0,0,0,,,
A,gavroche-v30-saturated-sprint-cap,107,33,73,3,119,55,28,4,3,2,0,23,0,0,0,0,,,
A,gavroche-v30-saturated-sprint-cap,108,32,72,4,120,55,29,4,3,2,0,24,0,0,0,0,,,
A,gavroche-v30-saturated-sprint-cap,109,33,72,3,120,56,29,4,3,2,0,24,0,0,0,0,,,
A,gavroche-v30-saturated-sprint-cap,110,33,72,3,120,56,29,4,3,2,0,24,0,0,0,0,84.46502057613169,2.983539094650206,0.0
A,gavroche-v30-saturated-sprint-cap,111,33,73,3,121,56,29,4,3,2,0,24,0,0,0,0,,,
A,gavroche-v30-saturated-sprint-cap,112,32,72,3,122,56,30,5,4,2,0,24,0,0,0,0,,,
A,gavroche-v30-saturated-sprint-cap,113,32,73,4,123,56,30,5,4,2,0,24,0,0,0,0,,,
A,gavroche-v30-saturated-sprint-cap,114,32,74,5,124,56,30,5,4,2,0,24,0,0,0,0,,,
A,gavroche-v30-saturated-sprint-cap,115,33,74,3,124,57,30,5,4,2,0,24,0,0,0,0,,,
A,gavroche-v30-saturated-sprint-cap,116,32,72,4,125,57,31,5,4,2,0,25,0,0,0,0,,,
A,gavroche-v30-saturated-sprint-cap,117,33,72,3,125,58,31,5,4,2,0,25,0,0,0,0,,,
A,gavroche-v30-saturated-sprint-cap,118,33,73,3,126,58,31,5,4,2,0,25,0,0,0,0,,,
A,gavroche-v30-saturated-sprint-cap,119,33,74,4,127,58,31,5,4,2,0,25,0,0,0,0,,,
A,gavroche-v30-saturated-sprint-cap,120,33,75,4,128,58,31,5,4,2,0,25,0,0,0,0,85.08230452674897,4.320987654320987,0.0
A,gavroche-v30-saturated-sprint-cap,121,34,76,3,129,59,31,5,4,2,0,25,0,0,0,0,,,
A,gavroche-v30-saturated-sprint-cap,122,34,76,3,129,59,31,5,4,2,0,25,0,0,0,0,,,
A,gavroche-v30-saturated-sprint-cap,123,34,78,3,131,59,31,5,4,2,0,25,0,0,0,0,,,
A,gavroche-v30-saturated-sprint-cap,124,34,80,4,133,59,31,5,4,2,0,25,0,0,0,0,,,
A,gavroche-v30-saturated-sprint-cap,125,34,83,5,136,59,31,5,4,2,0,25,0,0,0,0,,,
A,gavroche-v30-saturated-sprint-cap,126,35,85,5,138,60,31,5,4,2,0,25,0,0,0,0,,,
A,gavroche-v30-saturated-sprint-cap,127,35,83,5,139,61,32,5,4,2,0,26,0,0,0,0,,,
A,gavroche-v30-saturated-sprint-cap,128,35,80,3,139,62,33,5,4,2,0,27,0,0,0,0,,,
A,gavroche-v30-saturated-sprint-cap,129,34,78,3,140,62,34,5,4,2,0,28,0,0,0,0,,,
A,gavroche-v30-saturated-sprint-cap,130,34,79,3,141,62,34,5,4,2,0,28,0,0,0,0,86.72839506172839,3.3950617283950617,0.0
A,gavroche-v30-saturated-sprint-cap,131,33,77,3,141,62,35,6,5,2,0,28,0,0,0,0,,,
A,gavroche-v30-saturated-sprint-cap,132,33,80,4,144,62,35,6,5,2,0,28,0,0,0,0,,,
A,gavroche-v30-saturated-sprint-cap,133,34,81,4,146,63,35,6,5,2,0,28,0,0,0,0,,,
A,gavroche-v30-saturated-sprint-cap,134,34,82,5,147,63,35,6,5,2,0,28,0,0,0,0,,,
A,gavroche-v30-saturated-sprint-cap,135,35,82,3,147,64,35,6,5,2,0,28,0,0,0,0,,,
A,gavroche-v30-saturated-sprint-cap,136,34,79,3,147,64,36,6,5,2,0,29,0,0,0,0,,,
A,gavroche-v30-saturated-sprint-cap,137,33,76,3,147,64,37,6,5,3,0,29,0,0,0,0,,,
A,gavroche-v30-saturated-sprint-cap,138,32,75,3,148,64,38,6,6,3,0,29,0,0,0,0,,,
A,gavroche-v30-saturated-sprint-cap,139,32,76,4,149,64,38,6,6,3,0,29,0,0,0,0,,,
A,gavroche-v30-saturated-sprint-cap,140,32,76,3,151,65,39,7,7,3,0,29,0,0,0,0,86.93415637860082,5.041152263374485,0.0
A,gavroche-v30-saturated-sprint-cap,141,32,78,4,153,65,39,7,7,3,0,29,0,0,0,0,,,
A,gavroche-v30-saturated-sprint-cap,142,31,80,5,157,65,40,7,7,3,1,29,0,0,0,0,,,
A,gavroche-v30-saturated-sprint-cap,143,34,82,4,159,68,40,7,7,3,1,29,0,0,0,0,,,
A,gavroche-v30-saturated-sprint-cap,144,34,76,3,159,70,42,7,7,3,1,31,0,0,0,0,,,
A,gavroche-v30-saturated-sprint-cap,145,33,75,3,160,70,43,7,8,3,1,31,0,0,0,0,,,
A,gavroche-v30-saturated-sprint-cap,146,33,76,3,161,70,43,7,8,3,1,31,0,0,0,0,,,
A,gavroche-v30-saturated-sprint-cap,147,33,77,4,162,70,43,7,8,3,1,31,0,0,0,0,,,
A,gavroche-v30-saturated-sprint-cap,148,34,79,3,164,71,43,7,8,3,1,31,0,0,0,0,,,
A,gavroche-v30-saturated-sprint-cap,149,34,81,4,166,71,43,7,8,3,1,31,0,0,0,0,,,
A,gavroche-v30-saturated-sprint-cap,150,34,83,5,168,71,43,7,8,3,1,31,0,0,0,0,95.67901234567901,1.2345679012345678,0.0
A,gavroche-v30-saturated-sprint-cap,151,35,84,6,169,72,43,7,8,3,1,31,0,0,0,0,,,
A,gavroche-v30-saturated-sprint-cap,152,34,79,4,169,73,45,7,8,3,1,33,0,0,0,0,,,
A,gavroche-v30-saturated-sprint-cap,153,35,79,3,169,74,45,7,8,3,1,33,0,0,0,0,,,
A,gavroche-v30-saturated-sprint-cap,154,34,77,3,169,74,46,7,8,3,1,34,0,0,0,0,,,
A,gavroche-v30-saturated-sprint-cap,155,34,77,3,169,74,46,7,8,3,1,34,0,0,0,0,,,
A,gavroche-v30-saturated-sprint-cap,156,34,80,4,172,74,46,7,8,3,1,34,0,0,0,0,,,
A,gavroche-v30-saturated-sprint-cap,157,35,82,5,174,75,46,7,8,3,1,34,0,0,0,0,,,
A,gavroche-v30-saturated-sprint-cap,158,35,83,6,175,75,46,7,8,3,1,34,0,0,0,0,,,
A,gavroche-v30-saturated-sprint-cap,159,34,79,4,175,76,48,7,8,5,1,34,0,0,0,0,,,
A,gavroche-v30-saturated-sprint-cap,160,35,79,3,175,77,48,7,8,5,1,34,0,0,0,0,87.03703703703704,6.172839506172839,0.0
A,gavroche-v30-saturated-sprint-cap,161,34,77,3,175,77,49,7,8,5,1,35,0,0,0,0,,,
A,gavroche-v30-saturated-sprint-cap,162,34,78,3,176,77,49,7,8,5,1,35,0,0,0,0,,,
A,gavroche-v30-saturated-sprint-cap,163,34,78,3,176,77,49,7,8,5,1,35,0,0,0,0,,,
A,gavroche-v30-saturated-sprint-cap,164,34,78,3,176,77,49,7,8,5,1,35,0,0,0,0,,,
A,gavroche-v30-saturated-sprint-cap,165,34,79,3,177,77,49,7,8,5,1,35,0,0,0,0,,,
A,gavroche-v30-saturated-sprint-cap,166,34,80,4,178,77,49,7,8,5,1,35,0,0,0,0,,,
A,gavroche-v30-saturated-sprint-cap,167,33,80,5,181,77,50,7,9,5,1,35,0,0,0,0,,,
A,gavroche-v30-saturated-sprint-cap,168,34,83,5,184,78,50,7,9,5,1,35,0,0,0,0,,,
A,gavroche-v30-saturated-sprint-cap,169,34,81,6,185,79,51,7,9,5,1,36,0,0,0,0,,,
A,gavroche-v30-saturated-sprint-cap,170,35,82,4,186,80,51,7,9,5,1,36,0,0,0,0,93.3127572016461,2.1604938271604937,0.0
A,gavroche-v30-saturated-sprint-cap,171,36,83,3,187,81,51,7,9,5,1,36,0,0,0,0,,,
A,gavroche-v30-saturated-sprint-cap,172,35,83,4,189,81,52,7,9,5,1,37,0,0,0,0,,,
A,gavroche-v30-saturated-sprint-cap,173,36,86,4,192,82,52,7,9,5,1,37,0,0,0,0,,,
A,gavroche-v30-saturated-sprint-cap,174,37,88,4,194,83,52,7,9,5,1,37,0,0,0,0,,,
A,gavroche-v30-saturated-sprint-cap,175,37,89,5,195,83,52,7,9,5,1,37,0,0,0,0,,,
A,gavroche-v30-saturated-sprint-cap,176,37,87,3,195,84,53,7,9,6,1,37,0,0,0,0,,,
A,gavroche-v30-saturated-sprint-cap,177,35,84,3,197,84,55,8,10,6,1,38,0,0,0,0,,,
A,gavroche-v30-saturated-sprint-cap,178,35,85,4,198,84,55,8,10,6,1,38,0,0,0,0,,,
A,gavroche-v30-saturated-sprint-cap,179,35,84,4,199,85,56,8,10,7,1,38,0,0,0,0,,,
A,gavroche-v30-saturated-sprint-cap,180,36,86,3,201,86,56,8,10,7,1,38,0,0,0,0,93.20987654320987,3.0864197530864197,0.0
A,gavroche-v30-saturated-sprint-cap,181,36,90,4,205,86,56,8,10,7,1,38,0,0,0,0,,,
A,gavroche-v30-saturated-sprint-cap,182,36,94,5,209,86,56,8,10,7,1,38,0,0,0,0,,,
A,gavroche-v30-saturated-sprint-cap,183,38,96,6,211,88,56,8,10,7,1,38,0,0,0,0,,,
A,gavroche-v30-saturated-sprint-cap,184,37,92,6,213,89,58,8,10,7,1,40,0,0,0,0,,,
A,gavroche-v30-saturated-sprint-cap,185,38,89,4,213,91,59,8,10,8,1,40,0,0,0,0,,,
A,gavroche-v30-saturated-sprint-cap,186,38,87,3,213,92,60,8,10,8,1,41,0,0,0,0,,,
A,gavroche-v30-saturated-sprint-cap,187,37,85,3,213,92,61,8,10,8,1,42,0,0,0,0,,,
A,gavroche-v30-saturated-sprint-cap,188,37,90,4,218,92,61,8,10,8,1,42,0,0,0,0,,,
A,gavroche-v30-saturated-sprint-cap,189,39,92,4,220,94,61,8,10,8,1,42,0,0,0,0,,,
A,gavroche-v30-saturated-sprint-cap,190,39,93,5,221,94,61,8,10,8,1,42,0,0,0,0,93.72427983539094,1.5432098765432098,0.0
A,gavroche-v30-saturated-sprint-cap,191,39,91,3,221,95,62,9,11,8,1,42,0,0,0,0,,,
A,gavroche-v30-saturated-sprint-cap,192,38,91,3,224,95,63,9,11,8,1,43,0,0,0,0,,,
A,gavroche-v30-saturated-sprint-cap,193,38,91,3,224,95,63,9,11,8,1,43,0,0,0,0,,,
A,gavroche-v30-saturated-sprint-cap,194,38,91,3,224,95,63,9,11,8,1,43,0,0,0,0,,,
A,gavroche-v30-saturated-sprint-cap,195,38,93,4,226,95,63,9,11,8,1,43,0,0,0,0,,,
A,gavroche-v30-saturated-sprint-cap,196,39,96,4,229,96,63,9,11,8,1,43,0,0,0,0,,,
A,gavroche-v30-saturated-sprint-cap,197,39,100,5,233,96,63,9,11,8,1,43,0,0,0,0,,,
A,gavroche-v30-saturated-sprint-cap,198,40,102,6,235,97,63,9,11,8,1,43,0,0,0,0,,,
A,gavroche-v30-saturated-sprint-cap,199,41,99,4,235,99,64,9,11,8,1,44,0,0,0,0,,,
A,gavroche-v30-saturated-sprint-cap,200,40,94,3,235,100,66,9,11,8,2,45,0,0,0,0,94.95884773662551,0.9259259259259259,0.0
A,gavroche-v30-saturated-sprint-cap,201,39,94,4,237,100,67,9,11,8,2,46,0,0,0,0,,,
A,gavroche-v30-saturated-sprint-cap,202,39,92,3,238,101,68,9,11,8,3,46,0,0,0,0,,,
A,gavroche-v30-saturated-sprint-cap,203,39,93,3,239,101,68,9,11,8,3,46,0,0,0,0,,,
A,gavroche-v30-saturated-sprint-cap,204,39,95,4,241,101,68,9,11,8,3,46,0,0,0,0,,,
A,gavroche-v30-saturated-sprint-cap,205,40,96,5,242,102,68,9,11,8,3,46,0,0,0,0,,,
A,gavroche-v30-saturated-sprint-cap,206,39,93,3,243,103,70,9,11,10,3,46,0,0,0,0,,,
A,gavroche-v30-saturated-sprint-cap,207,38,92,4,245,103,71,9,11,10,3,47,0,0,0,0,,,
A,gavroche-v30-saturated-sprint-cap,208,36,88,5,246,103,73,10,12,10,3,48,0,0,0,0,,,
A,gavroche-v30-saturated-sprint-cap,209,37,89,3,247,104,73,10,12,10,3,48,0,0,0,0,,,
A,gavroche-v30-saturated-sprint-cap,210,36,88,4,249,104,74,10,12,10,3,49,0,0,0,0,98.04526748971193,0.205761316872428,0.0
A,gavroche-v30-saturated-sprint-cap,211,36,92,5,253,104,74,10,12,10,3,49,0,0,0,0,,,
A,gavroche-v30-saturated-sprint-cap,212,37,94,4,255,105,74,10,12,10,3,49,0,0,0,0,,,
A,gavroche-v30-saturated-sprint-cap,213,37,94,5,258,106,75,10,12,10,3,50,0,0,0,0,,,
A,gavroche-v30-saturated-sprint-cap,214,39,96,3,260,108,75,10,12,10,3,50,0,0,0,0,,,
A,gavroche-v30-saturated-sprint-cap,215,38,96,4,263,108,76,10,12,10,3,51,0,0,0,0,,,
A,gavroche-v30-saturated-sprint-cap,216,38,93,5,265,110,78,10,12,12,3,51,0,0,0,0,,,
A,gavroche-v30-saturated-sprint-cap,217,39,94,3,266,111,78,10,12,12,3,51,0,0,0,0,,,
A,gavroche-v30-saturated-sprint-cap,218,38,91,3,266,111,79,10,12,12,3,52,0,0,0,0,,,
A,gavroche-v30-saturated-sprint-cap,219,38,91,3,266,111,79,10,12,12,3,52,0,0,0,0,,,
A,gavroche-v30-saturated-sprint-cap,220,38,92,4,267,111,79,10,12,12,3,52,0,0,0,0,98.04526748971193,0.51440329218107,0.0
A,gavroche-v30-saturated-sprint-cap,221,39,92,3,267,112,79,10,12,12,3,52,0,0,0,0,,,
A,gavroche-v30-saturated-sprint-cap,222,39,93,4,268,112,79,10,12,12,3,52,0,0,0,0,,,
A,gavroche-v30-saturated-sprint-cap,223,39,95,5,270,112,79,10,12,12,3,52,0,0,0,0,,,
A,gavroche-v30-saturated-sprint-cap,224,39,97,6,272,112,79,10,12,12,3,52,0,0,0,0,,,
A,gavroche-v30-saturated-sprint-cap,225,40,98,5,273,113,79,10,12,12,3,52,0,0,0,0,,,
A,gavroche-v30-saturated-sprint-cap,226,42,98,3,273,115,79,10,12,12,3,52,0,0,0,0,,,
A,gavroche-v30-saturated-sprint-cap,227,40,94,3,274,115,81,10,12,12,3,54,0,0,0,0,,,
A,gavroche-v30-saturated-sprint-cap,228,40,96,4,276,115,81,10,12,12,3,54,0,0,0,0,,,
A,gavroche-v30-saturated-sprint-cap,229,40,98,5,278,115,81,10,12,12,3,54,0,0,0,0,,,
A,gavroche-v30-saturated-sprint-cap,230,42,98,3,278,117,81,10,12,12,3,54,0,0,0,0,98.45679012345678,0.205761316872428,0.0
A,gavroche-v30-saturated-sprint-cap,231,41,96,3,279,117,82,10,12,12,3,55,0,0,0,0,,,
A,gavroche-v30-saturated-sprint-cap,232,41,98,4,281,117,82,10,12,12,3,55,0,0,0,0,,,
A,gavroche-v30-saturated-sprint-cap,233,41,100,5,283,117,82,10,12,12,3,55,0,0,0,0,,,
A,gavroche-v30-saturated-sprint-cap,234,42,102,5,285,118,82,10,12,12,3,55,0,0,0,0,,,
A,gavroche-v30-saturated-sprint-cap,235,42,101,5,287,119,83,10,12,12,3,56,0,0,0,0,,,
A,gavroche-v30-saturated-sprint-cap,236,42,99,6,288,120,84,10,12,12,3,57,0,0,0,0,,,
A,gavroche-v30-saturated-sprint-cap,237,43,99,4,288,121,84,10,12,12,3,57,0,0,0,0,,,
A,gavroche-v30-saturated-sprint-cap,238,44,100,3,289,122,84,10,12,12,3,57,0,0,0,0,,,
A,gavroche-v30-saturated-sprint-cap,239,43,99,4,290,122,85,10,12,12,3,58,0,0,0,0,,,
A,gavroche-v30-saturated-sprint-cap,240,43,103,5,294,122,85,10,12,12,3,58,0,0,0,0,98.66255144032922,0.0,0.0
A,gavroche-v30-saturated-sprint-cap,241,44,104,4,295,123,85,10,12,12,3,58,0,0,0,0,,,
A,gavroche-v30-saturated-sprint-cap,242,43,102,5,296,123,86,10,12,12,3,59,0,0,0,0,,,
A,gavroche-v30-saturated-sprint-cap,243,44,102,3,296,124,86,10,12,12,3,59,0,0,0,0,,,
A,gavroche-v30-saturated-sprint-cap,244,43,101,3,298,124,87,10,12,12,3,60,0,0,0,0,,,
A,gavroche-v30-saturated-sprint-cap,245,43,103,4,300,124,87,10,12,12,3,60,0,0,0,0,,,
A,gavroche-v30-saturated-sprint-cap,246,43,104,5,301,124,87,10,12,12,3,60,0,0,0,0,,,
A,gavroche-v30-saturated-sprint-cap,247,44,104,3,301,125,87,10,12,12,3,60,0,0,0,0,,,
A,gavroche-v30-saturated-sprint-cap,248,43,103,3,303,125,88,10,12,12,3,61,0,0,0,0,,,
A,gavroche-v30-saturated-sprint-cap,249,43,105,4,305,125,88,10,12,12,3,61,0,0,0,0,,,
A,gavroche-v30-saturated-sprint-cap,250,43,108,5,308,125,88,10,12,12,3,61,0,0,0,0,98.76543209876543,0.411522633744856,0.0
A,gavroche-v30-saturated-sprint-cap,251,46,108,3,308,128,88,10,12,12,3,61,0,0,0,0,,,
A,gavroche-v30-saturated-sprint-cap,252,42,99,4,309,128,92,10,12,14,3,63,0,0,0,0,,,
A,gavroche-v30-saturated-sprint-cap,253,41,94,3,309,129,94,10,12,16,3,63,0,0,0,0,,,
A,gavroche-v30-saturated-sprint-cap,254,41,96,4,311,129,94,10,12,16,3,63,0,0,0,0,,,
A,gavroche-v30-saturated-sprint-cap,255,42,98,4,313,130,94,10,12,16,3,63,0,0,0,0,,,
A,gavroche-v30-saturated-sprint-cap,256,43,101,3,316,131,94,10,12,16,3,63,0,0,0,0,,,
A,gavroche-v30-saturated-sprint-cap,257,43,103,4,318,131,94,10,12,16,3,63,0,0,0,0,,,
A,gavroche-v30-saturated-sprint-cap,258,43,106,5,321,131,94,10,12,16,3,63,0,0,0,0,,,
A,gavroche-v30-saturated-sprint-cap,259,46,107,4,322,134,94,10,12,16,3,63,0,0,0,0,,,
A,gavroche-v30-saturated-sprint-cap,260,45,102,3,323,135,96,10,12,16,3,65,0,0,0,0,98.14814814814815,0.205761316872428,0.0
A,gavroche-v30-saturated-sprint-cap,261,45,103,4,324,135,96,10,12,16,3,65,0,0,0,0,,,
A,gavroche-v30-saturated-sprint-cap,262,45,104,5,325,135,96,10,12,16,3,65,0,0,0,0,,,
A,gavroche-v30-saturated-sprint-cap,263,46,104,3,325,136,96,10,12,16,3,65,0,0,0,0,,,
A,gavroche-v30-saturated-sprint-cap,264,45,104,4,328,136,97,10,12,16,3,66,0,0,0,0,,,
A,gavroche-v30-saturated-sprint-cap,265,46,105,3,329,137,97,10,12,16,3,66,0,0,0,0,,,
A,gavroche-v30-saturated-sprint-cap,266,46,106,4,330,137,97,10,12,16,3,66,0,0,0,0,,,
A,gavroche-v30-saturated-sprint-cap,267,44,103,5,332,137,99,10,12,18,3,66,0,0,0,0,,,
A,gavroche-v30-saturated-sprint-cap,268,44,106,6,335,137,99,10,12,18,3,66,0,0,0,0,,,
A,gavroche-v30-saturated-sprint-cap,269,45,108,5,337,138,99,10,12,18,3,66,0,0,0,0,,,
A,gavroche-v30-saturated-sprint-cap,270,45,107,5,340,140,101,10,12,20,3,66,0,0,0,0,98.25102880658436,0.205761316872428,0.0
A,gavroche-v30-saturated-sprint-cap,271,43,99,3,341,142,105,10,12,22,3,68,0,0,0,0,,,
A,gavroche-v30-saturated-sprint-cap,272,42,96,3,341,142,106,10,12,22,3,69,0,0,0,0,,,
A,gavroche-v30-saturated-sprint-cap,273,42,98,3,343,142,106,10,12,22,3,69,0,0,0,0,,,
A,gavroche-v30-saturated-sprint-cap,274,42,99,3,344,142,106,10,12,22,3,69,0,0,0,0,,,
A,gavroche-v30-saturated-sprint-cap,275,42,99,3,344,142,106,10,12,22,3,69,0,0,0,0,,,
A,gavroche-v30-saturated-sprint-cap,276,40,97,4,346,142,108,10,12,24,3,69,0,0,0,0,,,
A,gavroche-v30-saturated-sprint-cap,277,40,99,5,348,142,108,10,12,24,3,69,0,0,0,0,,,
A,gavroche-v30-saturated-sprint-cap,278,40,103,6,352,142,108,10,12,24,3,69,0,0,0,0,,,
A,gavroche-v30-saturated-sprint-cap,279,42,105,5,354,144,108,10,12,24,3,69,0,0,0,0,,,
A,gavroche-v30-saturated-sprint-cap,280,40,104,6,358,144,110,10,12,24,3,71,0,0,0,0,98.14814814814815,0.6172839506172839,0.0
A,gavroche-v30-saturated-sprint-cap,281,44,105,5,359,148,110,10,12,24,3,71,0,0,0,0,,,
A,gavroche-v30-saturated-sprint-cap,282,43,105,6,361,148,111,10,12,24,3,72,0,0,0,0,,,
A,gavroche-v30-saturated-sprint-cap,283,44,104,4,362,150,112,10,12,25,3,72,0,0,0,0,,,
A,gavroche-v30-saturated-sprint-cap,284,43,106,5,366,150,113,10,12,25,3,73,0,0,0,0,,,
A,gavroche-v30-saturated-sprint-cap,285,44,108,5,368,151,113,10,12,25,3,73,0,0,0,0,,,
A,gavroche-v30-saturated-sprint-cap,286,43,107,5,370,151,114,10,12,25,3,74,0,0,0,0,,,
A,gavroche-v30-saturated-sprint-cap,287,45,108,5,371,153,114,10,12,25,3,74,0,0,0,0,,,
A,gavroche-v30-saturated-sprint-cap,288,43,104,5,373,153,116,10,12,25,3,76,0,0,0,0,,,
A,gavroche-v30-saturated-sprint-cap,289,43,105,5,374,153,116,10,12,25,3,76,0,0,0,0,,,
A,gavroche-v30-saturated-sprint-cap,290,43,106,5,375,153,116,10,12,25,3,76,0,0,0,0,97.73662551440329,0.30864197530864196,0.0
A,gavroche-v30-saturated-sprint-cap,291,44,106,5,375,154,116,10,12,25,3,76,0,0,0,0,,,
A,gavroche-v30-saturated-sprint-cap,292,44,109,5,378,154,116,10,12,25,3,76,0,0,0,0,,,
A,gavroche-v30-saturated-sprint-cap,293,44,111,5,380,154,116,10,12,25,3,76,0,0,0,0,,,
A,gavroche-v30-saturated-sprint-cap,294,44,113,5,382,154,116,10,12,25,3,76,0,0,0,0,,,
A,gavroche-v30-saturated-sprint-cap,295,46,113,5,382,156,116,10,12,25,3,76,0,0,0,0,,,
A,gavroche-v30-saturated-sprint-cap,296,44,111,6,385,156,118,10,12,25,3,78,0,0,0,0,,,
A,gavroche-v30-saturated-sprint-cap,297,44,111,6,385,156,118,10,12,25,3,78,0,0,0,0,,,
A,gavroche-v30-saturated-sprint-cap,298,44,112,6,386,156,118,10,12,25,3,78,0,0,0,0,,,
A,gavroche-v30-saturated-sprint-cap,299,44,113,6,387,156,118,10,12,25,3,78,0,0,0,0,,,
A,gavroche-v30-saturated-sprint-cap,300,44,115,6,389,156,118,10,12,25,3,78,0,0,0,0,98.45679012345678,0.205761316872428,0.0
A,gavroche-v30-saturated-sprint-cap,301,45,116,6,390,157,118,10,12,25,3,78,0,0,0,0,,,
A,gavroche-v30-saturated-sprint-cap,302,46,118,6,392,158,118,10,12,25,3,78,0,0,0,0,,,
A,gavroche-v30-saturated-sprint-cap,303,46,117,6,393,159,119,10,12,25,3,79,0,0,0,0,,,
A,gavroche-v30-saturated-sprint-cap,304,45,118,6,396,159,120,10,12,25,3,80,0,0,0,0,,,
A,gavroche-v30-saturated-sprint-cap,305,47,120,6,398,161,120,10,12,25,3,80,0,0,0,0,,,
A,gavroche-v30-saturated-sprint-cap,306,48,122,6,400,162,120,10,12,25,3,80,0,0,0,0,,,
A,gavroche-v30-saturated-sprint-cap,307,48,120,6,401,163,121,10,12,25,3,81,0,0,0,0,,,
A,gavroche-v30-saturated-sprint-cap,308,47,119,6,403,163,122,10,12,25,3,82,0,0,0,0,,,
A,gavroche-v30-saturated-sprint-cap,309,48,121,6,405,164,122,10,12,25,3,82,0,0,0,0,,,
A,gavroche-v30-saturated-sprint-cap,310,48,119,6,406,165,123,10,12,25,3,83,0,0,0,0,96.39917695473251,1.954732510288066,0.0
A,gavroche-v30-saturated-sprint-cap,311,48,121,6,408,165,123,10,12,25,3,83,0,0,0,0,,,
A,gavroche-v30-saturated-sprint-cap,312,48,120,6,409,166,124,10,12,25,3,84,0,0,0,0,,,
A,gavroche-v30-saturated-sprint-cap,313,48,122,6,411,166,124,10,12,25,3,84,0,0,0,0,,,
A,gavroche-v30-saturated-sprint-cap,314,50,123,6,412,168,124,10,12,25,3,84,0,0,0,0,,,
A,gavroche-v30-saturated-sprint-cap,315,49,121,6,413,168,125,10,12,25,3,85,0,0,0,0,,,
A,gavroche-v30-saturated-sprint-cap,316,49,124,6,416,168,125,10,12,25,3,85,0,0,0,0,,,
A,gavroche-v30-saturated-sprint-cap,317,49,123,6,417,169,126,10,12,25,4,85,0,0,0,0,,,
A,gavroche-v30-saturated-sprint-cap,318,47,121,6,420,169,128,11,13,25,4,86,0,0,0,0,,,
A,gavroche-v30-saturated-sprint-cap,319,47,123,6,422,169,128,11,13,25,4,86,0,0,0,0,,,
A,gavroche-v30-saturated-sprint-cap,320,47,127,6,426,169,128,11,13,25,4,86,0,0,0,0,96.29629629629629,1.02880658436214,0.0
A,gavroche-v30-saturated-sprint-cap,321,49,128,6,427,171,128,11,13,25,4,86,0,0,0,0,,,
A,gavroche-v30-saturated-sprint-cap,322,48,128,6,430,171,129,11,13,25,4,87,0,0,0,0,,,
A,gavroche-v30-saturated-sprint-cap,323,48,130,6,432,171,129,11,13,25,4,87,0,0,0,0,,,
A,gavroche-v30-saturated-sprint-cap,324,49,131,6,433,172,129,11,13,25,4,87,0,0,0,0,,,
A,gavroche-v30-saturated-sprint-cap,325,51,131,6,433,174,129,11,13,25,4,87,0,0,0,0,,,
A,gavroche-v30-saturated-sprint-cap,326,49,126,6,433,174,131,11,13,25,4,89,0,0,0,0,,,
A,gavroche-v30-saturated-sprint-cap,327,49,126,6,433,174,131,11,13,25,4,89,0,0,0,0,,,
A,gavroche-v30-saturated-sprint-cap,328,49,129,6,436,174,131,11,13,25,4,89,0,0,0,0,,,
A,gavroche-v30-saturated-sprint-cap,329,52,131,6,438,177,131,11,13,25,4,89,0,0,0,0,,,
A,gavroche-v30-saturated-sprint-cap,330,53,135,7,442,178,131,11,13,25,4,89,0,0,0,0,98.97119341563786,0.205761316872428,0.0
A,gavroche-v30-saturated-sprint-cap,331,53,139,7,446,178,131,11,13,25,4,89,0,0,0,0,,,
A,gavroche-v30-saturated-sprint-cap,332,54,141,7,448,179,131,11,13,25,4,89,0,0,0,0,,,
A,gavroche-v30-saturated-sprint-cap,333,56,144,7,451,181,131,11,13,25,4,89,0,0,0,0,,,
A,gavroche-v30-saturated-sprint-cap,334,57,140,5,452,184,133,11,13,25,4,91,0,0,0,0,,,
A,gavroche-v30-saturated-sprint-cap,335,57,140,5,453,184,133,11,13,25,4,91,0,0,0,0,,,
A,gavroche-v30-saturated-sprint-cap,336,58,140,5,453,185,133,11,13,25,4,91,0,0,0,0,,,
A,gavroche-v30-saturated-sprint-cap,337,57,138,5,454,185,134,11,13,25,4,92,0,0,0,0,,,
A,gavroche-v30-saturated-sprint-cap,338,57,139,5,455,185,134,11,13,25,4,92,0,0,0,0,,,
A,gavroche-v30-saturated-sprint-cap,339,57,142,5,458,185,134,11,13,25,4,92,0,0,0,0,,,
A,gavroche-v30-saturated-sprint-cap,340,58,144,5,460,186,134,11,13,25,4,92,0,0,0,0,98.559670781893,0.823045267489712,0.0
A,gavroche-v30-saturated-sprint-cap,341,57,145,5,464,186,135,11,13,25,4,93,0,0,0,0,,,
A,gavroche-v30-saturated-sprint-cap,342,59,147,5,466,188,135,11,13,25,4,93,0,0,0,0,,,
A,gavroche-v30-saturated-sprint-cap,343,58,143,6,468,189,137,11,13,25,4,95,0,0,0,0,,,
A,gavroche-v30-saturated-sprint-cap,344,60,144,5,469,191,137,11,13,25,4,95,0,0,0,0,,,
A,gavroche-v30-saturated-sprint-cap,345,61,144,5,471,193,138,11,13,25,5,95,0,0,0,0,,,
A,gavroche-v30-saturated-sprint-cap,346,60,145,5,474,193,139,11,13,25,5,96,0,0,0,0,,,
A,gavroche-v30-saturated-sprint-cap,347,59,145,5,477,193,140,11,13,25,6,96,0,0,0,0,,,
A,gavroche-v30-saturated-sprint-cap,348,60,149,5,481,194,140,11,13,25,6,96,0,0,0,0,,,
A,gavroche-v30-saturated-sprint-cap,349,59,146,6,483,195,142,11,13,26,6,97,0,0,0,0,,,
A,gavroche-v30-saturated-sprint-cap,350,59,147,6,487,196,143,11,13,26,6,98,0,0,0,0,97.32510288065843,0.30864197530864196,0.0
A,gavroche-v30-saturated-sprint-cap,351,62,147,6,487,199,143,11,13,26,6,98,0,0,0,0,,,
A,gavroche-v30-saturated-sprint-cap,352,59,142,6,489,199,146,11,13,27,6,100,0,0,0,0,,,
A,gavroche-v30-saturated-sprint-cap,353,61,144,6,491,201,146,11,13,27,6,100,0,0,0,0,,,
A,gavroche-v30-saturated-sprint-cap,354,59,145,6,496,201,148,11,13,27,8,100,0,0,0,0,,,
A,gavroche-v30-saturated-sprint-cap,355,58,146,6,499,201,149,11,13,27,8,101,0,0,0,0,,,
A,gavroche-v30-saturated-sprint-cap,356,59,149,7,502,202,149,11,13,27,8,101,0,0,0,0,,,
A,gavroche-v30-saturated-sprint-cap,357,59,149,7,504,203,150,11,13,27,8,102,0,0,0,0,,,
A,gavroche-v30-saturated-sprint-cap,358,56,144,7,508,203,153,11,13,27,10,103,0,0,0,0,,,
A,gavroche-v30-saturated-sprint-cap,359,57,142,7,509,205,154,11,13,27,11,103,0,0,0,0,,,
A,gavroche-v30-saturated-sprint-cap,360,56,141,7,511,205,155,11,13,27,11,104,0,0,0,0,95.88477366255144,0.823045267489712,0.0
A,gavroche-v30-saturated-sprint-cap,361,57,142,7,512,206,155,11,13,27,11,104,0,0,0,0,,,
A,gavroche-v30-saturated-sprint-cap,362,56,143,7,516,206,156,11,13,27,11,105,0,0,0,0,,,
A,gavroche-v30-saturated-sprint-cap,363,56,146,7,519,206,156,11,13,27,11,105,0,0,0,0,,,
A,gavroche-v30-saturated-sprint-cap,364,57,147,7,520,207,156,11,13,27,11,105,0,0,0,0,,,
A,gavroche-v30-saturated-sprint-cap,365,58,148,7,521,208,156,11,13,27,11,105,0,0,0,0,,,
A,gavroche-v30-saturated-sprint-cap,366,56,145,7,523,208,158,11,13,28,11,106,0,0,0,0,,,
A,gavroche-v30-saturated-sprint-cap,367,53,137,7,527,209,162,11,13,32,11,106,0,0,0,0,,,
A,gavroche-v30-saturated-sprint-cap,368,54,136,7,529,211,163,11,13,33,11,106,0,0,0,0,,,
A,gavroche-v30-saturated-sprint-cap,369,51,132,8,532,211,166,11,13,35,11,107,0,0,0,0,,,
A,gavroche-v30-saturated-sprint-cap,370,53,134,8,534,213,166,11,13,35,11,107,0,0,0,0,96.81069958847736,0.823045267489712,0.0
A,gavroche-v30-saturated-sprint-cap,371,55,137,9,537,215,166,11,13,35,11,107,0,0,0,0,,,
A,gavroche-v30-saturated-sprint-cap,372,53,133,9,540,216,169,11,13,37,11,108,0,0,0,0,,,
A,gavroche-v30-saturated-sprint-cap,373,54,134,9,541,217,169,11,13,37,11,108,0,0,0,0,,,
A,gavroche-v30-saturated-sprint-cap,374,53,133,9,543,217,170,11,13,37,11,109,0,0,0,0,,,
A,gavroche-v30-saturated-sprint-cap,375,54,134,9,544,218,170,11,13,37,11,109,0,0,0,0,,,
A,gavroche-v30-saturated-sprint-cap,376,54,135,9,545,218,170,11,13,37,11,109,0,0,0,0,,,
A,gavroche-v30-saturated-sprint-cap,377,55,135,9,545,219,170,11,13,37,11,109,0,0,0,0,,,
A,gavroche-v30-saturated-sprint-cap,378,54,136,9,549,219,171,12,14,37,11,109,0,0,0,0,100.0,0.0,0.0
B,gavroche-v29-saturation-window-sprint-cap,0,6,29,14,0,0,0,0,0,0,0,0,0,0,0,0,47.325102880658434,5.349794238683128,0.0
B,gavroche-v29-saturation-window-sprint-cap,1,7,30,13,1,1,0,0,0,0,0,0,0,0,0,0,,,
B,gavroche-v29-saturation-window-sprint-cap,2,9,31,9,2,3,0,0,0,0,0,0,0,0,0,0,,,
B,gavroche-v29-saturation-window-sprint-cap,3,10,33,7,4,4,0,0,0,0,0,0,0,0,0,0,,,
B,gavroche-v29-saturation-window-sprint-cap,4,11,35,5,6,5,0,0,0,0,0,0,0,0,0,0,,,
B,gavroche-v29-saturation-window-sprint-cap,5,14,35,3,6,8,0,0,0,0,0,0,0,0,0,0,,,
B,gavroche-v29-saturation-window-sprint-cap,6,12,30,3,6,8,2,0,0,0,0,2,0,0,0,0,,,
B,gavroche-v29-saturation-window-sprint-cap,7,12,30,3,6,8,2,0,0,0,0,2,0,0,0,0,,,
B,gavroche-v29-saturation-window-sprint-cap,8,12,30,3,6,8,2,0,0,0,0,2,0,0,0,0,,,
B,gavroche-v29-saturation-window-sprint-cap,9,12,31,4,7,8,2,0,0,0,0,2,0,0,0,0,,,
B,gavroche-v29-saturation-window-sprint-cap,10,13,31,3,7,9,2,0,0,0,0,2,0,0,0,0,51.440329218106996,1.131687242798354,0.0
B,gavroche-v29-saturation-window-sprint-cap,11,13,32,3,8,9,2,0,0,0,0,2,0,0,0,0,,,
B,gavroche-v29-saturation-window-sprint-cap,12,13,33,4,9,9,2,0,0,0,0,2,0,0,0,0,,,
B,gavroche-v29-saturation-window-sprint-cap,13,13,35,5,11,9,2,0,0,0,0,2,0,0,0,0,,,
B,gavroche-v29-saturation-window-sprint-cap,14,15,35,3,11,11,2,0,0,0,0,2,0,0,0,0,,,
B,gavroche-v29-saturation-window-sprint-cap,15,14,32,3,11,11,3,0,0,0,0,3,0,0,0,0,,,
B,gavroche-v29-saturation-window-sprint-cap,16,14,32,3,11,11,3,0,0,0,0,3,0,0,0,0,,,
B,gavroche-v29-saturation-window-sprint-cap,17,13,30,3,11,11,4,0,0,0,0,4,0,0,0,0,,,
B,gavroche-v29-saturation-window-sprint-cap,18,13,32,4,13,11,4,0,0,0,0,4,0,0,0,0,,,
B,gavroche-v29-saturation-window-sprint-cap,19,13,34,5,15,11,4,0,0,0,0,4,0,0,0,0,,,
B,gavroche-v29-saturation-window-sprint-cap,20,12,34,6,18,11,5,0,0,0,1,4,0,0,0,0,48.04526748971193,2.1604938271604937,0.0
B,gavroche-v29-saturation-window-sprint-cap,21,13,35,5,19,12,5,0,0,0,1,4,0,0,0,0,,,
B,gavroche-v29-saturation-window-sprint-cap,22,15,37,4,21,14,5,0,0,0,1,4,0,0,0,0,,,
B,gavroche-v29-saturation-window-sprint-cap,23,14,32,3,21,15,7,0,0,0,1,6,0,0,0,0,,,
B,gavroche-v29-saturation-window-sprint-cap,24,14,32,3,21,15,7,0,0,0,1,6,0,0,0,0,,,
B,gavroche-v29-saturation-window-sprint-cap,25,14,32,3,21,15,7,0,0,0,1,6,0,0,0,0,,,
B,gavroche-v29-saturation-window-sprint-cap,26,14,33,4,22,15,7,0,0,0,1,6,0,0,0,0,,,
B,gavroche-v29-saturation-window-sprint-cap,27,14,35,5,25,15,7,0,0,0,1,6,0,0,0,0,,,
B,gavroche-v29-saturation-window-sprint-cap,28,13,37,6,29,15,8,0,0,0,1,7,0,0,0,0,,,
B,gavroche-v29-saturation-window-sprint-cap,29,14,40,5,32,16,8,0,0,0,1,7,0,0,0,0,,,
B,gavroche-v29-saturation-window-sprint-cap,30,16,41,5,33,18,8,0,0,0,1,7,0,0,0,0,45.88477366255144,7.304526748971194,0.0
B,gavroche-v29-saturation-window-sprint-cap,31,15,36,3,33,19,10,0,0,0,1,9,0,0,0,0,,,
B,gavroche-v29-saturation-window-sprint-cap,32,14,33,3,33,19,11,0,0,0,1,10,0,0,0,0,,,
B,gavroche-v29-saturation-window-sprint-cap,33,14,34,4,34,19,11,0,0,0,1,10,0,0,0,0,,,
B,gavroche-v29-saturation-window-sprint-cap,34,14,32,3,34,20,12,0,0,1,1,10,0,0,0,0,,,
B,gavroche-v29-saturation-window-sprint-cap,35,14,33,3,35,20,12,0,0,1,1,10,0,0,0,0,,,
B,gavroche-v29-saturation-window-sprint-cap,36,14,35,4,37,20,12,0,0,1,1,10,0,0,0,0,,,
B,gavroche-v29-saturation-window-sprint-cap,37,14,37,5,39,20,12,0,0,1,1,10,0,0,0,0,,,
B,gavroche-v29-saturation-window-sprint-cap,38,15,38,5,40,21,12,0,0,1,1,10,0,0,0,0,,,
B,gavroche-v29-saturation-window-sprint-cap,39,15,36,3,41,22,13,0,0,1,1,11,0,0,0,0,,,
B,gavroche-v29-saturation-window-sprint-cap,40,12,28,3,41,22,16,0,0,3,1,12,0,0,0,0,40.32921810699588,8.436213991769547,0.0
B,gavroche-v29-saturation-window-sprint-cap,41,12,29,3,42,22,16,0,0,3,1,12,0,0,0,0,,,
B,gavroche-v29-saturation-window-sprint-cap,42,12,29,3,42,22,16,0,0,3,1,12,0,0,0,0,,,
B,gavroche-v29-saturation-window-sprint-cap,43,12,29,3,42,22,16,0,0,3,1,12,0,0,0,0,,,
B,gavroche-v29-saturation-window-sprint-cap,44,12,29,3,42,22,16,0,0,3,1,12,0,0,0,0,,,
B,gavroche-v29-saturation-window-sprint-cap,45,12,29,3,42,22,16,0,0,3,1,12,0,0,0,0,,,
B,gavroche-v29-saturation-window-sprint-cap,46,11,27,4,43,22,17,0,0,4,1,12,0,0,0,0,,,
B,gavroche-v29-saturation-window-sprint-cap,47,12,27,3,43,23,17,0,0,4,1,12,0,0,0,0,,,
B,gavroche-v29-saturation-window-sprint-cap,48,12,27,3,43,23,17,0,0,4,1,12,0,0,0,0,,,
B,gavroche-v29-saturation-window-sprint-cap,49,12,27,3,43,23,17,0,0,4,1,12,0,0,0,0,,,
B,gavroche-v29-saturation-window-sprint-cap,50,12,27,3,43,23,17,0,0,4,1,12,0,0,0,0,25.925925925925927,9.053497942386832,0.0
B,gavroche-v29-saturation-window-sprint-cap,51,12,27,3,43,23,17,0,0,4,1,12,0,0,0,0,,,
B,gavroche-v29-saturation-window-sprint-cap,52,10,23,3,44,23,19,0,0,6,1,12,0,0,0,0,,,
B,gavroche-v29-saturation-window-sprint-cap,53,10,24,4,45,23,19,0,0,6,1,12,0,0,0,0,,,
B,gavroche-v29-saturation-window-sprint-cap,54,9,23,5,46,23,20,1,1,6,1,12,0,0,0,0,,,
B,gavroche-v29-saturation-window-sprint-cap,55,10,23,3,46,24,20,1,1,6,1,12,0,0,0,0,,,
B,gavroche-v29-saturation-window-sprint-cap,56,9,20,3,46,24,21,1,1,6,1,13,0,0,0,0,,,
B,gavroche-v29-saturation-window-sprint-cap,57,9,20,3,46,24,21,1,1,6,1,13,0,0,0,0,,,
B,gavroche-v29-saturation-window-sprint-cap,58,9,20,3,46,24,21,1,1,6,1,13,0,0,0,0,,,
B,gavroche-v29-saturation-window-sprint-cap,59,9,20,3,46,24,21,1,1,6,1,13,0,0,0,0,,,
B,gavroche-v29-saturation-window-sprint-cap,60,9,21,3,47,24,21,1,1,6,1,13,0,0,0,0,25.51440329218107,3.8065843621399176,0.0
B,gavroche-v29-saturation-window-sprint-cap,61,9,22,4,48,24,21,1,1,6,1,13,0,0,0,0,,,
B,gavroche-v29-saturation-window-sprint-cap,62,8,21,5,50,24,22,1,2,6,1,13,0,0,0,0,,,
B,gavroche-v29-saturation-window-sprint-cap,63,8,21,5,52,25,23,2,3,6,1,13,0,0,0,0,,,
B,gavroche-v29-saturation-window-sprint-cap,64,7,19,6,53,25,24,2,3,6,1,14,0,0,0,0,,,
B,gavroche-v29-saturation-window-sprint-cap,65,8,20,4,54,26,24,2,3,6,1,14,0,0,0,0,,,
B,gavroche-v29-saturation-window-sprint-cap,66,10,20,2,54,28,24,2,3,6,1,14,0,0,0,0,,,
B,gavroche-v29-saturation-window-sprint-cap,67,9,18,2,54,28,25,2,3,6,1,15,0,0,0,0,,,
B,gavroche-v29-saturation-window-sprint-cap,68,9,20,3,56,28,25,2,3,6,1,15,0,0,0,0,,,
B,gavroche-v29-saturation-window-sprint-cap,69,9,21,4,57,28,25,2,3,6,1,15,0,0,0,0,,,
B,gavroche-v29-saturation-window-sprint-cap,70,9,23,5,59,28,25,2,3,6,1,15,0,0,0,0,22.325102880658438,4.012345679012346,0.0
B,gavroche-v29-saturation-window-sprint-cap,71,11,24,3,60,30,25,2,3,6,1,15,0,0,0,0,,,
B,gavroche-v29-saturation-window-sprint-cap,72,10,22,3,61,30,26,2,3,6,1,16,0,0,0,0,,,
B,gavroche-v29-saturation-window-sprint-cap,73,10,23,4,62,30,26,2,3,6,1,16,0,0,0,0,,,
B,gavroche-v29-saturation-window-sprint-cap,74,10,24,5,63,30,26,2,3,6,1,16,0,0,0,0,,,
B,gavroche-v29-saturation-window-sprint-cap,75,11,24,3,63,31,26,2,3,6,1,16,0,0,0,0,,,
B,gavroche-v29-saturation-window-sprint-cap,76,10,23,3,65,31,27,2,3,6,1,17,0,0,0,0,,,
B,gavroche-v29-saturation-window-sprint-cap,77,10,24,4,67,31,27,2,3,6,1,17,0,0,0,0,,,
B,gavroche-v29-saturation-window-sprint-cap,78,10,25,5,68,31,27,2,3,6,1,17,0,0,0,0,,,
B,gavroche-v29-saturation-window-sprint-cap,79,11,26,4,69,32,27,2,3,6,1,17,0,0,0,0,,,
B,gavroche-v29-saturation-window-sprint-cap,80,10,21,3,69,33,29,2,3,6,2,18,0,0,0,0,23.97119341563786,2.983539094650206,0.0
B,gavroche-v29-saturation-window-sprint-cap,81,10,22,3,70,33,29,2,3,6,2,18,0,0,0,0,,,
B,gavroche-v29-saturation-window-sprint-cap,82,10,22,3,70,33,29,2,3,6,2,18,0,0,0,0,,,
B,gavroche-v29-saturation-window-sprint-cap,83,10,22,3,70,33,29,2,3,6,2,18,0,0,0,0,,,
B,gavroche-v29-saturation-window-sprint-cap,84,10,23,3,71,33,29,2,3,6,2,18,0,0,0,0,,,
B,gavroche-v29-saturation-window-sprint-cap,85,9,22,4,72,33,30,2,3,7,2,18,0,0,0,0,,,
B,gavroche-v29-saturation-window-sprint-cap,86,9,23,5,73,33,30,2,3,7,2,18,0,0,0,0,,,
B,gavroche-v29-saturation-window-sprint-cap,87,10,23,3,73,34,30,2,3,7,2,18,0,0,0,0,,,
B,gavroche-v29-saturation-window-sprint-cap,88,9,21,3,74,34,31,2,3,7,2,19,0,0,0,0,,,
B,gavroche-v29-saturation-window-sprint-cap,89,9,23,4,76,34,31,2,3,7,2,19,0,0,0,0,,,
B,gavroche-v29-saturation-window-sprint-cap,90,9,24,5,77,34,31,2,3,7,2,19,0,0,0,0,11.62551440329218,3.1893004115226335,0.0
B,gavroche-v29-saturation-window-sprint-cap,91,10,24,3,77,35,31,2,3,7,2,19,0,0,0,0,,,
B,gavroche-v29-saturation-window-sprint-cap,92,8,21,3,79,35,33,2,3,8,2,20,0,0,0,0,,,
B,gavroche-v29-saturation-window-sprint-cap,93,7,19,4,80,35,34,3,4,8,2,20,0,0,0,0,,,
B,gavroche-v29-saturation-window-sprint-cap,94,7,20,5,81,35,34,3,4,8,2,20,0,0,0,0,,,
B,gavroche-v29-saturation-window-sprint-cap,95,8,20,3,81,36,34,3,4,8,2,20,0,0,0,0,,,
B,gavroche-v29-saturation-window-sprint-cap,96,7,20,4,84,36,35,3,4,8,2,21,0,0,0,0,,,
B,gavroche-v29-saturation-window-sprint-cap,97,9,21,4,85,38,35,3,4,8,2,21,0,0,0,0,,,
B,gavroche-v29-saturation-window-sprint-cap,98,9,22,5,86,38,35,3,4,8,2,21,0,0,0,0,,,
B,gavroche-v29-saturation-window-sprint-cap,99,10,22,3,86,39,35,3,4,8,2,21,0,0,0,0,,,
B,gavroche-v29-saturation-window-sprint-cap,100,9,20,3,87,39,36,3,4,8,2,22,0,0,0,0,16.255144032921812,1.337448559670782,0.0
B,gavroche-v29-saturation-window-sprint-cap,101,9,21,4,88,39,36,3,4,8,2,22,0,0,0,0,,,
B,gavroche-v29-saturation-window-sprint-cap,102,9,22,5,89,39,36,3,4,8,2,22,0,0,0,0,,,
B,gavroche-v29-saturation-window-sprint-cap,103,10,23,3,90,40,36,3,4,8,2,22,0,0,0,0,,,
B,gavroche-v29-saturation-window-sprint-cap,104,9,19,3,90,40,37,3,4,8,2,23,0,0,0,0,,,
B,gavroche-v29-saturation-window-sprint-cap,105,9,19,3,90,40,37,3,4,8,2,23,0,0,0,0,,,
B,gavroche-v29-saturation-window-sprint-cap,106,9,19,3,90,40,37,3,4,8,2,23,0,0,0,0,,,
B,gavroche-v29-saturation-window-sprint-cap,107,9,19,3,90,40,37,3,4,8,2,23,0,0,0,0,,,
B,gavroche-v29-saturation-window-sprint-cap,108,9,21,3,92,40,37,3,4,8,2,23,0,0,0,0,,,
B,gavroche-v29-saturation-window-sprint-cap,109,9,22,4,93,40,37,3,4,8,2,23,0,0,0,0,,,
B,gavroche-v29-saturation-window-sprint-cap,110,9,23,5,94,40,37,3,4,8,2,23,0,0,0,0,12.551440329218106,2.983539094650206,0.0
B,gavroche-v29-saturation-window-sprint-cap,111,10,23,3,94,41,37,3,4,8,2,23,0,0,0,0,,,
B,gavroche-v29-saturation-window-sprint-cap,112,8,18,3,94,41,39,4,5,8,2,24,0,0,0,0,,,
B,gavroche-v29-saturation-window-sprint-cap,113,8,18,3,94,41,39,4,5,8,2,24,0,0,0,0,,,
B,gavroche-v29-saturation-window-sprint-cap,114,8,18,3,94,41,39,4,5,8,2,24,0,0,0,0,,,
B,gavroche-v29-saturation-window-sprint-cap,115,8,18,3,94,41,39,4,5,8,2,24,0,0,0,0,,,
B,gavroche-v29-saturation-window-sprint-cap,116,8,19,3,95,41,39,4,5,8,2,24,0,0,0,0,,,
B,gavroche-v29-saturation-window-sprint-cap,117,8,20,4,96,41,39,4,5,8,2,24,0,0,0,0,,,
B,gavroche-v29-saturation-window-sprint-cap,118,8,21,5,97,41,39,4,5,8,2,24,0,0,0,0,,,
B,gavroche-v29-saturation-window-sprint-cap,119,9,21,3,97,42,39,4,5,8,2,24,0,0,0,0,,,
B,gavroche-v29-saturation-window-sprint-cap,120,8,18,3,97,42,40,4,5,8,2,25,0,0,0,0,10.59670781893004,4.320987654320987,0.0
B,gavroche-v29-saturation-window-sprint-cap,121,8,18,3,97,42,40,4,5,8,2,25,0,0,0,0,,,
B,gavroche-v29-saturation-window-sprint-cap,122,8,18,3,97,42,40,4,5,8,2,25,0,0,0,0,,,
B,gavroche-v29-saturation-window-sprint-cap,123,8,18,3,97,42,40,4,5,8,2,25,0,0,0,0,,,
B,gavroche-v29-saturation-window-sprint-cap,124,7,16,3,98,42,41,4,5,8,3,25,0,0,0,0,,,
B,gavroche-v29-saturation-window-sprint-cap,125,7,17,4,99,42,41,4,5,8,3,25,0,0,0,0,,,
B,gavroche-v29-saturation-window-sprint-cap,126,7,18,5,100,42,41,4,5,8,3,25,0,0,0,0,,,
B,gavroche-v29-saturation-window-sprint-cap,127,8,18,3,100,43,41,4,5,8,3,25,0,0,0,0,,,
B,gavroche-v29-saturation-window-sprint-cap,128,7,16,3,101,43,42,4,5,8,3,26,0,0,0,0,,,
B,gavroche-v29-saturation-window-sprint-cap,129,7,16,3,101,43,42,4,5,8,3,26,0,0,0,0,,,
B,gavroche-v29-saturation-window-sprint-cap,130,7,17,4,102,43,42,4,5,8,3,26,0,0,0,0,9.876543209876543,3.3950617283950617,0.0
B,gavroche-v29-saturation-window-sprint-cap,131,7,15,3,102,44,43,5,6,8,3,26,0,0,0,0,,,
B,gavroche-v29-saturation-window-sprint-cap,132,7,16,3,103,44,43,5,6,8,3,26,0,0,0,0,,,
B,gavroche-v29-saturation-window-sprint-cap,133,7,17,4,104,44,43,5,6,8,3,26,0,0,0,0,,,
B,gavroche-v29-saturation-window-sprint-cap,134,7,19,5,106,44,43,5,6,8,3,26,0,0,0,0,,,
B,gavroche-v29-saturation-window-sprint-cap,135,7,17,3,106,45,44,5,6,8,3,27,0,0,0,0,,,
B,gavroche-v29-saturation-window-sprint-cap,136,6,15,3,107,45,45,5,6,8,3,28,0,0,0,0,,,
B,gavroche-v29-saturation-window-sprint-cap,137,6,15,3,107,45,45,5,6,8,3,28,0,0,0,0,,,
B,gavroche-v29-saturation-window-sprint-cap,138,6,15,3,107,45,45,6,6,8,3,28,0,0,0,0,,,
B,gavroche-v29-saturation-window-sprint-cap,139,6,15,3,107,45,45,6,6,8,3,28,0,0,0,0,,,
B,gavroche-v29-saturation-window-sprint-cap,140,5,13,3,108,45,46,7,7,8,3,28,0,0,0,0,8.024691358024691,5.041152263374485,0.0
B,gavroche-v29-saturation-window-sprint-cap,141,5,14,4,109,45,46,7,7,8,3,28,0,0,0,0,,,
B,gavroche-v29-saturation-window-sprint-cap,142,5,15,5,110,45,46,7,7,8,3,28,0,0,0,0,,,
B,gavroche-v29-saturation-window-sprint-cap,143,6,15,3,110,46,46,7,7,8,3,28,0,0,0,0,,,
B,gavroche-v29-saturation-window-sprint-cap,144,5,12,3,110,46,47,7,7,8,3,29,0,0,0,0,,,
B,gavroche-v29-saturation-window-sprint-cap,145,5,12,3,110,46,47,8,7,8,3,29,0,0,0,0,,,
B,gavroche-v29-saturation-window-sprint-cap,146,5,12,3,110,46,47,8,7,8,3,29,0,0,0,0,,,
B,gavroche-v29-saturation-window-sprint-cap,147,5,12,3,110,46,47,8,7,8,3,29,0,0,0,0,,,
B,gavroche-v29-saturation-window-sprint-cap,148,5,14,3,112,46,47,8,7,8,3,29,0,0,0,0,,,
B,gavroche-v29-saturation-window-sprint-cap,149,5,15,4,113,46,47,8,7,8,3,29,0,0,0,0,,,
B,gavroche-v29-saturation-window-sprint-cap,150,5,16,5,114,46,47,8,7,8,3,29,0,0,0,0,3.0864197530864197,1.2345679012345678,0.0
B,gavroche-v29-saturation-window-sprint-cap,151,6,16,3,114,47,47,8,7,8,3,29,0,0,0,0,,,
B,gavroche-v29-saturation-window-sprint-cap,152,5,12,3,114,47,48,8,7,8,3,30,0,0,0,0,,,
B,gavroche-v29-saturation-window-sprint-cap,153,5,12,3,114,47,48,8,7,8,3,30,0,0,0,0,,,
B,gavroche-v29-saturation-window-sprint-cap,154,5,12,3,114,47,48,8,7,8,3,30,0,0,0,0,,,
B,gavroche-v29-saturation-window-sprint-cap,155,5,12,3,114,47,48,8,7,8,3,30,0,0,0,0,,,
B,gavroche-v29-saturation-window-sprint-cap,156,5,14,3,116,47,48,8,7,8,3,30,0,0,0,0,,,
B,gavroche-v29-saturation-window-sprint-cap,157,5,16,4,118,47,48,8,7,8,3,30,0,0,0,0,,,
B,gavroche-v29-saturation-window-sprint-cap,158,5,18,5,120,47,48,8,7,8,3,30,0,0,0,0,,,
B,gavroche-v29-saturation-window-sprint-cap,159,7,18,3,120,49,48,8,7,8,3,30,0,0,0,0,,,
B,gavroche-v29-saturation-window-sprint-cap,160,5,12,3,120,49,50,8,7,8,3,32,0,0,0,0,6.790123456790123,6.172839506172839,0.0
B,gavroche-v29-saturation-window-sprint-cap,161,5,12,3,120,49,50,8,7,8,3,32,0,0,0,0,,,
B,gavroche-v29-saturation-window-sprint-cap,162,5,12,3,120,49,50,8,7,8,3,32,0,0,0,0,,,
B,gavroche-v29-saturation-window-sprint-cap,163,5,12,3,120,49,50,8,7,8,3,32,0,0,0,0,,,
B,gavroche-v29-saturation-window-sprint-cap,164,5,13,3,121,49,50,8,7,8,3,32,0,0,0,0,,,
B,gavroche-v29-saturation-window-sprint-cap,165,5,14,4,122,49,50,8,7,8,3,32,0,0,0,0,,,
B,gavroche-v29-saturation-window-sprint-cap,166,5,15,5,123,49,50,8,7,8,3,32,0,0,0,0,,,
B,gavroche-v29-saturation-window-sprint-cap,167,6,15,3,123,50,50,9,7,8,3,32,0,0,0,0,,,
B,gavroche-v29-saturation-window-sprint-cap,168,5,12,3,123,50,51,9,7,8,3,33,0,0,0,0,,,
B,gavroche-v29-saturation-window-sprint-cap,169,5,12,3,123,50,51,9,7,8,3,33,0,0,0,0,,,
B,gavroche-v29-saturation-window-sprint-cap,170,5,12,3,123,50,51,9,7,8,3,33,0,0,0,0,4.526748971193416,2.1604938271604937,0.0
B,gavroche-v29-saturation-window-sprint-cap,171,5,12,3,123,50,51,9,7,8,3,33,0,0,0,0,,,
B,gavroche-v29-saturation-window-sprint-cap,172,5,13,3,124,50,51,9,7,8,3,33,0,0,0,0,,,
B,gavroche-v29-saturation-window-sprint-cap,173,5,14,4,125,50,51,9,7,8,3,33,0,0,0,0,,,
B,gavroche-v29-saturation-window-sprint-cap,174,5,14,5,126,50,51,9,7,8,3,33,0,0,0,0,,,
B,gavroche-v29-saturation-window-sprint-cap,175,6,14,3,126,51,51,9,7,8,3,33,0,0,0,0,,,
B,gavroche-v29-saturation-window-sprint-cap,176,5,11,3,126,51,52,9,7,8,3,34,0,0,0,0,,,
B,gavroche-v29-saturation-window-sprint-cap,177,4,9,3,126,51,53,10,8,8,3,34,0,0,0,0,,,
B,gavroche-v29-saturation-window-sprint-cap,178,4,9,3,126,51,53,10,8,8,3,34,0,0,0,0,,,
B,gavroche-v29-saturation-window-sprint-cap,179,4,9,3,126,51,53,10,8,8,3,34,0,0,0,0,,,
B,gavroche-v29-saturation-window-sprint-cap,180,4,9,3,126,51,53,10,8,8,3,34,0,0,0,0,3.7037037037037037,3.0864197530864197,0.0
B,gavroche-v29-saturation-window-sprint-cap,181,4,9,3,126,51,53,10,8,8,3,34,0,0,0,0,,,
B,gavroche-v29-saturation-window-sprint-cap,182,4,9,3,126,51,53,10,8,8,3,34,0,0,0,0,,,
B,gavroche-v29-saturation-window-sprint-cap,183,4,9,3,126,51,53,10,8,8,3,34,0,0,0,0,,,
B,gavroche-v29-saturation-window-sprint-cap,184,4,10,3,127,51,53,10,8,8,3,34,0,0,0,0,,,
B,gavroche-v29-saturation-window-sprint-cap,185,4,10,3,127,51,53,10,8,8,3,34,0,0,0,0,,,
B,gavroche-v29-saturation-window-sprint-cap,186,4,11,4,128,51,53,10,8,8,3,34,0,0,0,0,,,
B,gavroche-v29-saturation-window-sprint-cap,187,4,9,3,128,52,54,10,8,8,4,34,0,0,0,0,,,
B,gavroche-v29-saturation-window-sprint-cap,188,4,9,3,128,52,54,10,8,8,4,34,0,0,0,0,,,
B,gavroche-v29-saturation-window-sprint-cap,189,4,9,3,128,52,54,10,8,8,4,34,0,0,0,0,,,
B,gavroche-v29-saturation-window-sprint-cap,190,4,9,3,128,52,54,10,8,8,4,34,0,0,0,0,4.732510288065844,1.5432098765432098,0.0
B,gavroche-v29-saturation-window-sprint-cap,191,3,6,2,128,52,55,11,9,8,4,34,0,0,0,0,,,
B,gavroche-v29-saturation-window-sprint-cap,192,3,6,2,128,52,55,11,9,8,4,34,0,0,0,0,,,
B,gavroche-v29-saturation-window-sprint-cap,193,3,6,2,128,52,55,11,9,8,4,34,0,0,0,0,,,
B,gavroche-v29-saturation-window-sprint-cap,194,3,6,2,128,52,55,11,9,8,4,34,0,0,0,0,,,
B,gavroche-v29-saturation-window-sprint-cap,195,3,6,2,128,52,55,11,9,8,4,34,0,0,0,0,,,
B,gavroche-v29-saturation-window-sprint-cap,196,3,6,2,128,52,55,11,9,8,4,34,0,0,0,0,,,
B,gavroche-v29-saturation-window-sprint-cap,197,3,6,2,128,52,55,11,9,8,4,34,0,0,0,0,,,
B,gavroche-v29-saturation-window-sprint-cap,198,3,6,2,128,52,55,11,9,8,4,34,0,0,0,0,,,
B,gavroche-v29-saturation-window-sprint-cap,199,3,6,2,128,52,55,11,9,8,4,34,0,0,0,0,,,
B,gavroche-v29-saturation-window-sprint-cap,200,3,6,2,128,52,55,11,9,8,4,34,0,0,0,0,4.11522633744856,0.9259259259259259,0.0
B,gavroche-v29-saturation-window-sprint-cap,201,3,6,2,128,52,55,11,9,8,4,34,0,0,0,0,,,
B,gavroche-v29-saturation-window-sprint-cap,202,3,6,2,128,52,55,11,9,8,4,34,0,0,0,0,,,
B,gavroche-v29-saturation-window-sprint-cap,203,3,6,2,128,52,55,11,9,8,4,34,0,0,0,0,,,
B,gavroche-v29-saturation-window-sprint-cap,204,3,6,2,128,52,55,11,9,8,4,34,0,0,0,0,,,
B,gavroche-v29-saturation-window-sprint-cap,205,3,6,2,128,52,55,11,9,8,4,34,0,0,0,0,,,
B,gavroche-v29-saturation-window-sprint-cap,206,3,6,2,128,52,55,11,9,8,4,34,0,0,0,0,,,
B,gavroche-v29-saturation-window-sprint-cap,207,3,6,2,128,52,55,11,9,8,4,34,0,0,0,0,,,
B,gavroche-v29-saturation-window-sprint-cap,208,2,4,2,128,52,56,12,10,8,4,34,0,0,0,0,,,
B,gavroche-v29-saturation-window-sprint-cap,209,2,4,2,128,52,56,12,10,8,4,34,0,0,0,0,,,
B,gavroche-v29-saturation-window-sprint-cap,210,2,4,2,128,52,56,12,10,8,4,34,0,0,0,0,1.7489711934156378,0.205761316872428,0.0
B,gavroche-v29-saturation-window-sprint-cap,211,2,4,2,128,52,56,12,10,8,4,34,0,0,0,0,,,
B,gavroche-v29-saturation-window-sprint-cap,212,2,4,2,128,52,56,12,10,8,4,34,0,0,0,0,,,
B,gavroche-v29-saturation-window-sprint-cap,213,2,4,2,128,52,56,12,10,8,4,34,0,0,0,0,,,
B,gavroche-v29-saturation-window-sprint-cap,214,2,4,2,128,52,56,12,10,8,4,34,0,0,0,0,,,
B,gavroche-v29-saturation-window-sprint-cap,215,2,4,2,128,52,56,12,10,8,4,34,0,0,0,0,,,
B,gavroche-v29-saturation-window-sprint-cap,216,2,4,2,128,52,56,12,10,8,4,34,0,0,0,0,,,
B,gavroche-v29-saturation-window-sprint-cap,217,2,4,2,128,52,56,12,10,8,4,34,0,0,0,0,,,
B,gavroche-v29-saturation-window-sprint-cap,218,2,4,2,128,52,56,12,10,8,4,34,0,0,0,0,,,
B,gavroche-v29-saturation-window-sprint-cap,219,2,4,2,128,52,56,12,10,8,4,34,0,0,0,0,,,
B,gavroche-v29-saturation-window-sprint-cap,220,2,4,2,128,52,56,12,10,8,4,34,0,0,0,0,1.440329218106996,0.51440329218107,0.0
B,gavroche-v29-saturation-window-sprint-cap,221,2,4,2,128,52,56,12,10,8,4,34,0,0,0,0,,,
B,gavroche-v29-saturation-window-sprint-cap,222,2,4,2,128,52,56,12,10,8,4,34,0,0,0,0,,,
B,gavroche-v29-saturation-window-sprint-cap,223,2,4,2,128,52,56,12,10,8,4,34,0,0,0,0,,,
B,gavroche-v29-saturation-window-sprint-cap,224,2,4,2,128,52,56,12,10,8,4,34,0,0,0,0,,,
B,gavroche-v29-saturation-window-sprint-cap,225,2,4,2,128,52,56,12,10,8,4,34,0,0,0,0,,,
B,gavroche-v29-saturation-window-sprint-cap,226,2,4,2,128,52,56,12,10,8,4,34,0,0,0,0,,,
B,gavroche-v29-saturation-window-sprint-cap,227,2,4,2,128,52,56,12,10,8,4,34,0,0,0,0,,,
B,gavroche-v29-saturation-window-sprint-cap,228,2,4,2,128,52,56,12,10,8,4,34,0,0,0,0,,,
B,gavroche-v29-saturation-window-sprint-cap,229,2,4,2,128,52,56,12,10,8,4,34,0,0,0,0,,,
B,gavroche-v29-saturation-window-sprint-cap,230,2,4,2,128,52,56,12,10,8,4,34,0,0,0,0,1.337448559670782,0.205761316872428,0.0
B,gavroche-v29-saturation-window-sprint-cap,231,2,4,2,128,52,56,12,10,8,4,34,0,0,0,0,,,
B,gavroche-v29-saturation-window-sprint-cap,232,2,4,2,128,52,56,12,10,8,4,34,0,0,0,0,,,
B,gavroche-v29-saturation-window-sprint-cap,233,2,4,2,128,52,56,12,10,8,4,34,0,0,0,0,,,
B,gavroche-v29-saturation-window-sprint-cap,234,2,4,2,128,52,56,12,10,8,4,34,0,0,0,0,,,
B,gavroche-v29-saturation-window-sprint-cap,235,2,4,2,128,52,56,12,10,8,4,34,0,0,0,0,,,
B,gavroche-v29-saturation-window-sprint-cap,236,2,4,2,128,52,56,12,10,8,4,34,0,0,0,0,,,
B,gavroche-v29-saturation-window-sprint-cap,237,2,4,2,128,52,56,12,10,8,4,34,0,0,0,0,,,
B,gavroche-v29-saturation-window-sprint-cap,238,2,4,2,128,52,56,12,10,8,4,34,0,0,0,0,,,
B,gavroche-v29-saturation-window-sprint-cap,239,2,4,2,128,52,56,12,10,8,4,34,0,0,0,0,,,
B,gavroche-v29-saturation-window-sprint-cap,240,2,4,2,128,52,56,12,10,8,4,34,0,0,0,0,1.337448559670782,0.0,0.0
B,gavroche-v29-saturation-window-sprint-cap,241,2,4,2,128,52,56,12,10,8,4,34,0,0,0,0,,,
B,gavroche-v29-saturation-window-sprint-cap,242,2,4,2,128,52,56,12,10,8,4,34,0,0,0,0,,,
B,gavroche-v29-saturation-window-sprint-cap,243,2,4,2,128,52,56,12,10,8,4,34,0,0,0,0,,,
B,gavroche-v29-saturation-window-sprint-cap,244,2,4,2,128,52,56,12,10,8,4,34,0,0,0,0,,,
B,gavroche-v29-saturation-window-sprint-cap,245,2,4,2,128,52,56,12,10,8,4,34,0,0,0,0,,,
B,gavroche-v29-saturation-window-sprint-cap,246,2,4,2,128,52,56,12,10,8,4,34,0,0,0,0,,,
B,gavroche-v29-saturation-window-sprint-cap,247,2,4,2,128,52,56,12,10,8,4,34,0,0,0,0,,,
B,gavroche-v29-saturation-window-sprint-cap,248,2,4,2,128,52,56,12,10,8,4,34,0,0,0,0,,,
B,gavroche-v29-saturation-window-sprint-cap,249,2,4,2,128,52,56,12,10,8,4,34,0,0,0,0,,,
B,gavroche-v29-saturation-window-sprint-cap,250,2,4,2,128,52,56,12,10,8,4,34,0,0,0,0,0.823045267489712,0.411522633744856,0.0
B,gavroche-v29-saturation-window-sprint-cap,251,2,4,2,128,52,56,12,10,8,4,34,0,0,0,0,,,
B,gavroche-v29-saturation-window-sprint-cap,252,2,4,2,128,52,56,12,10,8,4,34,0,0,0,0,,,
B,gavroche-v29-saturation-window-sprint-cap,253,2,4,2,128,52,56,12,10,8,4,34,0,0,0,0,,,
B,gavroche-v29-saturation-window-sprint-cap,254,2,4,2,128,52,56,12,10,8,4,34,0,0,0,0,,,
B,gavroche-v29-saturation-window-sprint-cap,255,2,4,2,128,52,56,12,10,8,4,34,0,0,0,0,,,
B,gavroche-v29-saturation-window-sprint-cap,256,2,5,3,129,52,56,12,10,8,4,34,0,0,0,0,,,
B,gavroche-v29-saturation-window-sprint-cap,257,2,5,3,129,52,56,12,10,8,4,34,0,0,0,0,,,
B,gavroche-v29-saturation-window-sprint-cap,258,2,5,3,129,52,56,12,10,8,4,34,0,0,0,0,,,
B,gavroche-v29-saturation-window-sprint-cap,259,2,5,3,129,52,56,12,10,8,4,34,0,0,0,0,,,
B,gavroche-v29-saturation-window-sprint-cap,260,2,5,3,129,52,56,12,10,8,4,34,0,0,0,0,1.646090534979424,0.205761316872428,0.0
B,gavroche-v29-saturation-window-sprint-cap,261,2,5,3,129,52,56,12,10,8,4,34,0,0,0,0,,,
B,gavroche-v29-saturation-window-sprint-cap,262,2,5,3,129,52,56,12,10,8,4,34,0,0,0,0,,,
B,gavroche-v29-saturation-window-sprint-cap,263,2,5,3,129,52,56,12,10,8,4,34,0,0,0,0,,,
B,gavroche-v29-saturation-window-sprint-cap,264,2,5,3,129,52,56,12,10,8,4,34,0,0,0,0,,,
B,gavroche-v29-saturation-window-sprint-cap,265,2,5,3,129,52,56,12,10,8,4,34,0,0,0,0,,,
B,gavroche-v29-saturation-window-sprint-cap,266,2,5,3,129,52,56,12,10,8,4,34,0,0,0,0,,,
B,gavroche-v29-saturation-window-sprint-cap,267,2,5,3,129,52,56,12,10,8,4,34,0,0,0,0,,,
B,gavroche-v29-saturation-window-sprint-cap,268,2,5,3,129,52,56,12,10,8,4,34,0,0,0,0,,,
B,gavroche-v29-saturation-window-sprint-cap,269,2,5,3,129,52,56,12,10,8,4,34,0,0,0,0,,,
B,gavroche-v29-saturation-window-sprint-cap,270,2,5,3,129,52,56,12,10,8,4,34,0,0,0,0,1.5432098765432098,0.205761316872428,0.0
B,gavroche-v29-saturation-window-sprint-cap,271,2,5,3,129,52,56,12,10,8,4,34,0,0,0,0,,,
B,gavroche-v29-saturation-window-sprint-cap,272,2,5,3,129,52,56,12,10,8,4,34,0,0,0,0,,,
B,gavroche-v29-saturation-window-sprint-cap,273,2,5,3,129,52,56,12,10,8,4,34,0,0,0,0,,,
B,gavroche-v29-saturation-window-sprint-cap,274,2,5,3,129,52,56,12,10,8,4,34,0,0,0,0,,,
B,gavroche-v29-saturation-window-sprint-cap,275,2,5,3,129,52,56,12,10,8,4,34,0,0,0,0,,,
B,gavroche-v29-saturation-window-sprint-cap,276,2,5,3,129,52,56,12,10,8,4,34,0,0,0,0,,,
B,gavroche-v29-saturation-window-sprint-cap,277,2,5,3,129,52,56,12,10,8,4,34,0,0,0,0,,,
B,gavroche-v29-saturation-window-sprint-cap,278,2,5,3,129,52,56,12,10,8,4,34,0,0,0,0,,,
B,gavroche-v29-saturation-window-sprint-cap,279,2,5,3,129,52,56,12,10,8,4,34,0,0,0,0,,,
B,gavroche-v29-saturation-window-sprint-cap,280,2,5,3,129,52,56,12,10,8,4,34,0,0,0,0,1.2345679012345678,0.6172839506172839,0.0
B,gavroche-v29-saturation-window-sprint-cap,281,2,5,3,129,52,56,12,10,8,4,34,0,0,0,0,,,
B,gavroche-v29-saturation-window-sprint-cap,282,2,5,3,129,52,56,12,10,8,4,34,0,0,0,0,,,
B,gavroche-v29-saturation-window-sprint-cap,283,2,5,3,129,52,56,12,10,8,4,34,0,0,0,0,,,
B,gavroche-v29-saturation-window-sprint-cap,284,2,5,3,129,52,56,12,10,8,4,34,0,0,0,0,,,
B,gavroche-v29-saturation-window-sprint-cap,285,2,5,3,129,52,56,12,10,8,4,34,0,0,0,0,,,
B,gavroche-v29-saturation-window-sprint-cap,286,2,5,3,129,52,56,12,10,8,4,34,0,0,0,0,,,
B,gavroche-v29-saturation-window-sprint-cap,287,2,5,3,129,52,56,12,10,8,4,34,0,0,0,0,,,
B,gavroche-v29-saturation-window-sprint-cap,288,2,5,3,129,52,56,12,10,8,4,34,0,0,0,0,,,
B,gavroche-v29-saturation-window-sprint-cap,289,2,5,3,129,52,56,12,10,8,4,34,0,0,0,0,,,
B,gavroche-v29-saturation-window-sprint-cap,290,2,5,3,129,52,56,12,10,8,4,34,0,0,0,0,1.954732510288066,0.30864197530864196,0.0
B,gavroche-v29-saturation-window-sprint-cap,291,2,5,3,129,52,56,12,10,8,4,34,0,0,0,0,,,
B,gavroche-v29-saturation-window-sprint-cap,292,2,5,3,129,52,56,12,10,8,4,34,0,0,0,0,,,
B,gavroche-v29-saturation-window-sprint-cap,293,2,5,3,129,52,56,12,10,8,4,34,0,0,0,0,,,
B,gavroche-v29-saturation-window-sprint-cap,294,2,5,3,129,52,56,12,10,8,4,34,0,0,0,0,,,
B,gavroche-v29-saturation-window-sprint-cap,295,2,5,3,129,52,56,12,10,8,4,34,0,0,0,0,,,
B,gavroche-v29-saturation-window-sprint-cap,296,2,5,3,129,52,56,12,10,8,4,34,0,0,0,0,,,
B,gavroche-v29-saturation-window-sprint-cap,297,2,5,3,129,52,56,12,10,8,4,34,0,0,0,0,,,
B,gavroche-v29-saturation-window-sprint-cap,298,2,5,3,129,52,56,12,10,8,4,34,0,0,0,0,,,
B,gavroche-v29-saturation-window-sprint-cap,299,2,5,3,129,52,56,12,10,8,4,34,0,0,0,0,,,
B,gavroche-v29-saturation-window-sprint-cap,300,2,5,3,129,52,56,12,10,8,4,34,0,0,0,0,1.337448559670782,0.205761316872428,0.0
B,gavroche-v29-saturation-window-sprint-cap,301,2,5,3,129,52,56,12,10,8,4,34,0,0,0,0,,,
B,gavroche-v29-saturation-window-sprint-cap,302,2,5,3,129,52,56,12,10,8,4,34,0,0,0,0,,,
B,gavroche-v29-saturation-window-sprint-cap,303,2,5,3,129,52,56,12,10,8,4,34,0,0,0,0,,,
B,gavroche-v29-saturation-window-sprint-cap,304,2,5,3,129,52,56,12,10,8,4,34,0,0,0,0,,,
B,gavroche-v29-saturation-window-sprint-cap,305,2,5,3,129,52,56,12,10,8,4,34,0,0,0,0,,,
B,gavroche-v29-saturation-window-sprint-cap,306,2,5,3,129,52,56,12,10,8,4,34,0,0,0,0,,,
B,gavroche-v29-saturation-window-sprint-cap,307,2,5,3,129,52,56,12,10,8,4,34,0,0,0,0,,,
B,gavroche-v29-saturation-window-sprint-cap,308,2,5,3,129,52,56,12,10,8,4,34,0,0,0,0,,,
B,gavroche-v29-saturation-window-sprint-cap,309,2,5,3,129,52,56,12,10,8,4,34,0,0,0,0,,,
B,gavroche-v29-saturation-window-sprint-cap,310,2,5,3,129,52,56,12,10,8,4,34,0,0,0,0,1.646090534979424,1.954732510288066,0.0
B,gavroche-v29-saturation-window-sprint-cap,311,2,5,3,129,52,56,12,10,8,4,34,0,0,0,0,,,
B,gavroche-v29-saturation-window-sprint-cap,312,2,5,3,129,52,56,12,10,8,4,34,0,0,0,0,,,
B,gavroche-v29-saturation-window-sprint-cap,313,2,5,3,129,52,56,12,10,8,4,34,0,0,0,0,,,
B,gavroche-v29-saturation-window-sprint-cap,314,2,5,3,129,52,56,12,10,8,4,34,0,0,0,0,,,
B,gavroche-v29-saturation-window-sprint-cap,315,2,5,3,129,52,56,12,10,8,4,34,0,0,0,0,,,
B,gavroche-v29-saturation-window-sprint-cap,316,2,5,3,129,52,56,12,10,8,4,34,0,0,0,0,,,
B,gavroche-v29-saturation-window-sprint-cap,317,2,5,3,129,52,56,12,10,8,4,34,0,0,0,0,,,
B,gavroche-v29-saturation-window-sprint-cap,318,1,2,2,129,52,57,13,11,8,4,34,0,0,0,0,,,
B,gavroche-v29-saturation-window-sprint-cap,319,1,2,2,129,52,57,13,11,8,4,34,0,0,0,0,,,
B,gavroche-v29-saturation-window-sprint-cap,320,1,2,2,129,52,57,13,11,8,4,34,0,0,0,0,2.674897119341564,1.02880658436214,0.0
B,gavroche-v29-saturation-window-sprint-cap,321,1,2,2,129,52,57,13,11,8,4,34,0,0,0,0,,,
B,gavroche-v29-saturation-window-sprint-cap,322,1,2,2,129,52,57,13,11,8,4,34,0,0,0,0,,,
B,gavroche-v29-saturation-window-sprint-cap,323,1,2,2,129,52,57,13,11,8,4,34,0,0,0,0,,,
B,gavroche-v29-saturation-window-sprint-cap,324,1,2,2,129,52,57,13,11,8,4,34,0,0,0,0,,,
B,gavroche-v29-saturation-window-sprint-cap,325,1,2,2,129,52,57,13,11,8,4,34,0,0,0,0,,,
B,gavroche-v29-saturation-window-sprint-cap,326,1,2,2,129,52,57,13,11,8,4,34,0,0,0,0,,,
B,gavroche-v29-saturation-window-sprint-cap,327,1,2,2,129,52,57,13,11,8,4,34,0,0,0,0,,,
B,gavroche-v29-saturation-window-sprint-cap,328,1,2,2,129,52,57,13,11,8,4,34,0,0,0,0,,,
B,gavroche-v29-saturation-window-sprint-cap,329,1,2,2,129,52,57,13,11,8,4,34,0,0,0,0,,,
B,gavroche-v29-saturation-window-sprint-cap,330,1,2,2,129,52,57,13,11,8,4,34,0,0,0,0,0.823045267489712,0.205761316872428,0.0
B,gavroche-v29-saturation-window-sprint-cap,331,1,2,2,129,52,57,13,11,8,4,34,0,0,0,0,,,
B,gavroche-v29-saturation-window-sprint-cap,332,1,2,2,129,52,57,13,11,8,4,34,0,0,0,0,,,
B,gavroche-v29-saturation-window-sprint-cap,333,1,2,2,129,52,57,13,11,8,4,34,0,0,0,0,,,
B,gavroche-v29-saturation-window-sprint-cap,334,1,2,2,129,52,57,13,11,8,4,34,0,0,0,0,,,
B,gavroche-v29-saturation-window-sprint-cap,335,1,2,2,129,52,57,13,11,8,4,34,0,0,0,0,,,
B,gavroche-v29-saturation-window-sprint-cap,336,1,2,2,129,52,57,13,11,8,4,34,0,0,0,0,,,
B,gavroche-v29-saturation-window-sprint-cap,337,1,2,2,129,52,57,13,11,8,4,34,0,0,0,0,,,
B,gavroche-v29-saturation-window-sprint-cap,338,1,2,2,129,52,57,13,11,8,4,34,0,0,0,0,,,
B,gavroche-v29-saturation-window-sprint-cap,339,1,2,2,129,52,57,13,11,8,4,34,0,0,0,0,,,
B,gavroche-v29-saturation-window-sprint-cap,340,1,2,2,129,52,57,13,11,8,4,34,0,0,0,0,0.6172839506172839,0.823045267489712,0.0
B,gavroche-v29-saturation-window-sprint-cap,341,1,2,2,129,52,57,13,11,8,4,34,0,0,0,0,,,
B,gavroche-v29-saturation-window-sprint-cap,342,1,2,2,129,52,57,13,11,8,4,34,0,0,0,0,,,
B,gavroche-v29-saturation-window-sprint-cap,343,1,2,2,129,52,57,13,11,8,4,34,0,0,0,0,,,
B,gavroche-v29-saturation-window-sprint-cap,344,1,2,2,129,52,57,13,11,8,4,34,0,0,0,0,,,
B,gavroche-v29-saturation-window-sprint-cap,345,1,2,2,129,52,57,13,11,8,4,34,0,0,0,0,,,
B,gavroche-v29-saturation-window-sprint-cap,346,1,2,2,129,52,57,13,11,8,4,34,0,0,0,0,,,
B,gavroche-v29-saturation-window-sprint-cap,347,1,2,2,129,52,57,13,11,8,4,34,0,0,0,0,,,
B,gavroche-v29-saturation-window-sprint-cap,348,1,3,3,130,52,57,13,11,8,4,34,0,0,0,0,,,
B,gavroche-v29-saturation-window-sprint-cap,349,1,3,3,130,52,57,13,11,8,4,34,0,0,0,0,,,
B,gavroche-v29-saturation-window-sprint-cap,350,1,3,3,130,52,57,13,11,8,4,34,0,0,0,0,2.366255144032922,0.30864197530864196,0.0
B,gavroche-v29-saturation-window-sprint-cap,351,1,3,3,130,52,57,13,11,8,4,34,0,0,0,0,,,
B,gavroche-v29-saturation-window-sprint-cap,352,1,3,3,130,52,57,13,11,8,4,34,0,0,0,0,,,
B,gavroche-v29-saturation-window-sprint-cap,353,1,3,3,130,52,57,13,11,8,4,34,0,0,0,0,,,
B,gavroche-v29-saturation-window-sprint-cap,354,1,3,3,130,52,57,13,11,8,4,34,0,0,0,0,,,
B,gavroche-v29-saturation-window-sprint-cap,355,1,3,3,130,52,57,13,11,8,4,34,0,0,0,0,,,
B,gavroche-v29-saturation-window-sprint-cap,356,1,2,2,130,52,57,13,11,8,4,34,0,0,0,0,,,
B,gavroche-v29-saturation-window-sprint-cap,357,1,2,2,130,52,57,13,11,8,4,34,0,0,0,0,,,
B,gavroche-v29-saturation-window-sprint-cap,358,1,2,2,130,52,57,13,11,8,4,34,0,0,0,0,,,
B,gavroche-v29-saturation-window-sprint-cap,359,1,2,2,130,52,57,13,11,8,4,34,0,0,0,0,,,
B,gavroche-v29-saturation-window-sprint-cap,360,1,2,2,130,52,57,13,11,8,4,34,0,0,0,0,3.292181069958848,0.823045267489712,0.0
B,gavroche-v29-saturation-window-sprint-cap,361,1,3,3,131,52,57,13,11,8,4,34,0,0,0,0,,,
B,gavroche-v29-saturation-window-sprint-cap,362,1,3,3,131,52,57,13,11,8,4,34,0,0,0,0,,,
B,gavroche-v29-saturation-window-sprint-cap,363,1,3,3,131,52,57,13,11,8,4,34,0,0,0,0,,,
B,gavroche-v29-saturation-window-sprint-cap,364,1,3,3,131,52,57,13,11,8,4,34,0,0,0,0,,,
B,gavroche-v29-saturation-window-sprint-cap,365,1,3,3,131,52,57,13,11,8,4,34,0,0,0,0,,,
B,gavroche-v29-saturation-window-sprint-cap,366,1,3,3,131,52,57,13,11,8,4,34,0,0,0,0,,,
B,gavroche-v29-saturation-window-sprint-cap,367,1,3,3,131,52,57,13,11,8,4,34,0,0,0,0,,,
B,gavroche-v29-saturation-window-sprint-cap,368,1,3,3,131,52,57,13,11,8,4,34,0,0,0,0,,,
B,gavroche-v29-saturation-window-sprint-cap,369,1,3,3,131,52,57,13,11,8,4,34,0,0,0,0,,,
B,gavroche-v29-saturation-window-sprint-cap,370,1,3,3,131,52,57,13,11,8,4,34,0,0,0,0,2.366255144032922,0.823045267489712,0.0
B,gavroche-v29-saturation-window-sprint-cap,371,1,3,3,131,52,57,13,11,8,4,34,0,0,0,0,,,
B,gavroche-v29-saturation-window-sprint-cap,372,1,3,3,131,52,57,13,11,8,4,34,0,0,0,0,,,
B,gavroche-v29-saturation-window-sprint-cap,373,1,3,3,131,52,57,13,11,8,4,34,0,0,0,0,,,
B,gavroche-v29-saturation-window-sprint-cap,374,1,3,3,131,52,57,13,11,8,4,34,0,0,0,0,,,
B,gavroche-v29-saturation-window-sprint-cap,375,1,4,4,132,52,57,13,11,8,4,34,0,0,0,0,,,
B,gavroche-v29-saturation-window-sprint-cap,376,1,4,4,132,52,57,13,11,8,4,34,0,0,0,0,,,
B,gavroche-v29-saturation-window-sprint-cap,377,1,4,4,132,52,57,13,11,8,4,34,0,0,0,0,,,
B,gavroche-v29-saturation-window-sprint-cap,378,0,0,0,132,52,58,14,12,8,4,34,0,0,0,0,0.0,0.0,0.0
