team,bot,round,units,total,longest,pearls,splits,deaths,enemy_kills,killed_by_enemy,team_kills,self_collisions,wall_deaths,invalid_action_deaths,suicides,tle,unattributed_collision_deaths,space_share,space_tied,space_unreachable
A,gavroche-v23-selective-sprint-cap,0,2,8,4,0,0,0,0,0,0,0,0,0,0,0,0,48.958333333333336,2.0833333333333335,0.0
A,gavroche-v23-selective-sprint-cap,1,4,8,2,0,2,0,0,0,0,0,0,0,0,0,0,,,
A,gavroche-v23-selective-sprint-cap,2,4,8,2,0,2,0,0,0,0,0,0,0,0,0,0,,,
A,gavroche-v23-selective-sprint-cap,3,4,8,2,0,2,0,0,0,0,0,0,0,0,0,0,,,
A,gavroche-v23-selective-sprint-cap,4,4,8,2,0,2,0,0,0,0,0,0,0,0,0,0,,,
A,gavroche-v23-selective-sprint-cap,5,4,8,2,0,2,0,0,0,0,0,0,0,0,0,0,,,
A,gavroche-v23-selective-sprint-cap,6,4,8,2,0,2,0,0,0,0,0,0,0,0,0,0,,,
A,gavroche-v23-selective-sprint-cap,7,4,8,2,0,2,0,0,0,0,0,0,0,0,0,0,,,
A,gavroche-v23-selective-sprint-cap,8,4,8,2,0,2,0,0,0,0,0,0,0,0,0,0,,,
A,gavroche-v23-selective-sprint-cap,9,4,8,2,0,2,0,0,0,0,0,0,0,0,0,0,,,
A,gavroche-v23-selective-sprint-cap,10,4,8,2,0,2,0,0,0,0,0,0,0,0,0,0,64.0625,1.1284722222222223,0.0
A,gavroche-v23-selective-sprint-cap,11,4,8,2,0,2,0,0,0,0,0,0,0,0,0,0,,,
A,gavroche-v23-selective-sprint-cap,12,4,8,2,0,2,0,0,0,0,0,0,0,0,0,0,,,
A,gavroche-v23-selective-sprint-cap,13,4,8,2,0,2,0,0,0,0,0,0,0,0,0,0,,,
A,gavroche-v23-selective-sprint-cap,14,4,8,2,0,2,0,0,0,0,0,0,0,0,0,0,,,
A,gavroche-v23-selective-sprint-cap,15,4,8,2,0,2,0,0,0,0,0,0,0,0,0,0,,,
A,gavroche-v23-selective-sprint-cap,16,4,8,2,0,2,0,0,0,0,0,0,0,0,0,0,,,
A,gavroche-v23-selective-sprint-cap,17,4,8,2,0,2,0,0,0,0,0,0,0,0,0,0,,,
A,gavroche-v23-selective-sprint-cap,18,4,8,2,0,2,0,0,0,0,0,0,0,0,0,0,,,
A,gavroche-v23-selective-sprint-cap,19,4,8,2,0,2,0,0,0,0,0,0,0,0,0,0,,,
A,gavroche-v23-selective-sprint-cap,20,4,9,3,1,2,0,0,0,0,0,0,0,0,0,0,69.44444444444444,0.0,0.0
A,gavroche-v23-selective-sprint-cap,21,4,10,4,2,2,0,0,0,0,0,0,0,0,0,0,,,
A,gavroche-v23-selective-sprint-cap,22,5,11,3,3,3,0,0,0,0,0,0,0,0,0,0,,,
A,gavroche-v23-selective-sprint-cap,23,5,12,3,4,3,0,0,0,0,0,0,0,0,0,0,,,
A,gavroche-v23-selective-sprint-cap,24,5,14,4,6,3,0,0,0,0,0,0,0,0,0,0,,,
A,gavroche-v23-selective-sprint-cap,25,6,16,5,8,4,0,0,0,0,0,0,0,0,0,0,,,
A,gavroche-v23-selective-sprint-cap,26,6,18,6,10,4,0,0,0,0,0,0,0,0,0,0,,,
A,gavroche-v23-selective-sprint-cap,27,8,18,4,10,6,0,0,0,0,0,0,0,0,0,0,,,
A,gavroche-v23-selective-sprint-cap,28,9,19,3,11,7,0,0,0,0,0,0,0,0,0,0,,,
A,gavroche-v23-selective-sprint-cap,29,8,18,4,12,7,1,0,0,0,0,1,0,0,0,0,,,
A,gavroche-v23-selective-sprint-cap,30,8,20,4,14,7,1,0,0,0,0,1,0,0,0,0,69.61805555555556,0.3472222222222222,0.0
A,gavroche-v23-selective-sprint-cap,31,8,20,4,14,7,1,0,0,0,0,1,0,0,0,0,,,
A,gavroche-v23-selective-sprint-cap,32,9,21,3,15,8,1,0,0,0,0,1,0,0,0,0,,,
A,gavroche-v23-selective-sprint-cap,33,9,24,4,18,8,1,0,0,0,0,1,0,0,0,0,,,
A,gavroche-v23-selective-sprint-cap,34,10,26,5,20,9,1,0,0,0,0,1,0,0,0,0,,,
A,gavroche-v23-selective-sprint-cap,35,11,27,6,21,10,1,0,0,0,0,1,0,0,0,0,,,
A,gavroche-v23-selective-sprint-cap,36,12,27,4,21,11,1,0,0,0,0,1,0,0,0,0,,,
A,gavroche-v23-selective-sprint-cap,37,13,28,3,22,12,1,0,0,0,0,1,0,0,0,0,,,
A,gavroche-v23-selective-sprint-cap,38,12,27,4,23,12,2,0,0,0,0,2,0,0,0,0,,,
A,gavroche-v23-selective-sprint-cap,39,12,27,4,23,12,2,0,0,0,0,2,0,0,0,0,,,
A,gavroche-v23-selective-sprint-cap,40,12,27,4,23,12,2,0,0,0,0,2,0,0,0,0,69.96527777777777,0.0,0.0
A,gavroche-v23-selective-sprint-cap,41,13,29,3,25,13,2,0,0,0,0,2,0,0,0,0,,,
A,gavroche-v23-selective-sprint-cap,42,13,31,4,27,13,2,0,0,0,0,2,0,0,0,0,,,
A,gavroche-v23-selective-sprint-cap,43,13,32,5,28,13,2,0,0,0,0,2,0,0,0,0,,,
A,gavroche-v23-selective-sprint-cap,44,13,33,6,29,13,2,0,0,0,0,2,0,0,0,0,,,
A,gavroche-v23-selective-sprint-cap,45,14,33,4,29,14,2,0,0,0,0,2,0,0,0,0,,,
A,gavroche-v23-selective-sprint-cap,46,15,34,3,30,15,2,0,0,0,0,2,0,0,0,0,,,
A,gavroche-v23-selective-sprint-cap,47,14,33,4,31,15,3,0,0,0,0,3,0,0,0,0,,,
A,gavroche-v23-selective-sprint-cap,48,14,33,4,31,15,3,0,0,0,0,3,0,0,0,0,,,
A,gavroche-v23-selective-sprint-cap,49,14,33,4,31,15,3,0,0,0,0,3,0,0,0,0,,,
A,gavroche-v23-selective-sprint-cap,50,15,34,3,32,16,3,0,0,0,0,3,0,0,0,0,71.09375,0.08680555555555555,0.0
A,gavroche-v23-selective-sprint-cap,51,15,36,4,34,16,3,0,0,0,0,3,0,0,0,0,,,
A,gavroche-v23-selective-sprint-cap,52,16,37,5,35,17,3,0,0,0,0,3,0,0,0,0,,,
A,gavroche-v23-selective-sprint-cap,53,16,38,6,36,17,3,0,0,0,0,3,0,0,0,0,,,
A,gavroche-v23-selective-sprint-cap,54,17,40,4,38,18,3,0,0,0,0,3,0,0,0,0,,,
A,gavroche-v23-selective-sprint-cap,55,18,42,4,40,19,3,0,0,0,0,3,0,0,0,0,,,
A,gavroche-v23-selective-sprint-cap,56,18,41,4,41,20,4,0,0,0,0,4,0,0,0,0,,,
A,gavroche-v23-selective-sprint-cap,57,18,41,4,41,20,4,0,0,0,0,4,0,0,0,0,,,
A,gavroche-v23-selective-sprint-cap,58,18,41,4,41,20,4,0,0,0,0,4,0,0,0,0,,,
A,gavroche-v23-selective-sprint-cap,59,19,42,3,42,21,4,0,0,0,0,4,0,0,0,0,,,
A,gavroche-v23-selective-sprint-cap,60,19,43,4,43,21,4,0,0,0,0,4,0,0,0,0,71.35416666666667,0.08680555555555555,0.0
A,gavroche-v23-selective-sprint-cap,61,19,44,5,44,21,4,0,0,0,0,4,0,0,0,0,,,
A,gavroche-v23-selective-sprint-cap,62,19,46,6,46,21,4,0,0,0,0,4,0,0,0,0,,,
A,gavroche-v23-selective-sprint-cap,63,21,46,4,46,23,4,0,0,0,0,4,0,0,0,0,,,
A,gavroche-v23-selective-sprint-cap,64,22,47,3,47,24,4,0,0,0,0,4,0,0,0,0,,,
A,gavroche-v23-selective-sprint-cap,65,21,46,4,48,24,5,0,0,0,0,5,0,0,0,0,,,
A,gavroche-v23-selective-sprint-cap,66,21,48,4,50,24,5,0,0,0,0,5,0,0,0,0,,,
A,gavroche-v23-selective-sprint-cap,67,23,48,4,50,26,5,0,0,0,0,5,0,0,0,0,,,
A,gavroche-v23-selective-sprint-cap,68,24,50,3,52,27,5,0,0,0,0,5,0,0,0,0,,,
A,gavroche-v23-selective-sprint-cap,69,24,51,4,53,27,5,0,0,0,0,5,0,0,0,0,,,
A,gavroche-v23-selective-sprint-cap,70,24,52,5,54,27,5,0,0,0,0,5,0,0,0,0,71.44097222222223,0.08680555555555555,0.0
A,gavroche-v23-selective-sprint-cap,71,24,53,6,55,27,5,0,0,0,0,5,0,0,0,0,,,
A,gavroche-v23-selective-sprint-cap,72,25,53,4,55,28,5,0,0,0,0,5,0,0,0,0,,,
A,gavroche-v23-selective-sprint-cap,73,24,50,3,56,29,7,0,0,2,0,5,0,0,0,0,,,
A,gavroche-v23-selective-sprint-cap,74,23,49,4,57,29,8,0,0,2,0,6,0,0,0,0,,,
A,gavroche-v23-selective-sprint-cap,75,23,49,4,57,29,8,0,0,2,0,6,0,0,0,0,,,
A,gavroche-v23-selective-sprint-cap,76,23,49,4,57,29,8,0,0,2,0,6,0,0,0,0,,,
A,gavroche-v23-selective-sprint-cap,77,24,50,3,58,30,8,0,0,2,0,6,0,0,0,0,,,
A,gavroche-v23-selective-sprint-cap,78,24,51,4,59,30,8,0,0,2,0,6,0,0,0,0,,,
A,gavroche-v23-selective-sprint-cap,79,24,52,5,60,30,8,0,0,2,0,6,0,0,0,0,,,
A,gavroche-v23-selective-sprint-cap,80,24,53,6,61,30,8,0,0,2,0,6,0,0,0,0,71.44097222222223,0.08680555555555555,0.0
A,gavroche-v23-selective-sprint-cap,81,25,54,4,62,31,8,0,0,2,0,6,0,0,0,0,,,
A,gavroche-v23-selective-sprint-cap,82,26,57,4,65,32,8,0,0,2,0,6,0,0,0,0,,,
A,gavroche-v23-selective-sprint-cap,83,26,56,4,66,33,9,0,0,2,0,7,0,0,0,0,,,
A,gavroche-v23-selective-sprint-cap,84,26,56,4,66,33,9,0,0,2,0,7,0,0,0,0,,,
A,gavroche-v23-selective-sprint-cap,85,26,56,4,66,33,9,0,0,2,0,7,0,0,0,0,,,
A,gavroche-v23-selective-sprint-cap,86,27,57,3,67,34,9,0,0,2,0,7,0,0,0,0,,,
A,gavroche-v23-selective-sprint-cap,87,26,56,4,68,34,10,0,0,2,0,8,0,0,0,0,,,
A,gavroche-v23-selective-sprint-cap,88,26,58,5,70,34,10,0,0,2,0,8,0,0,0,0,,,
A,gavroche-v23-selective-sprint-cap,89,26,59,6,71,34,10,0,0,2,0,8,0,0,0,0,,,
A,gavroche-v23-selective-sprint-cap,90,27,59,4,71,35,10,0,0,2,0,8,0,0,0,0,72.56944444444444,0.0,0.0
A,gavroche-v23-selective-sprint-cap,91,28,60,3,72,36,10,0,0,2,0,8,0,0,0,0,,,
A,gavroche-v23-selective-sprint-cap,92,27,60,4,74,36,11,0,0,2,0,9,0,0,0,0,,,
A,gavroche-v23-selective-sprint-cap,93,27,60,4,74,36,11,0,0,2,0,9,0,0,0,0,,,
A,gavroche-v23-selective-sprint-cap,94,27,61,4,75,36,11,0,0,2,0,9,0,0,0,0,,,
A,gavroche-v23-selective-sprint-cap,95,29,62,3,76,38,11,0,0,2,0,9,0,0,0,0,,,
A,gavroche-v23-selective-sprint-cap,96,29,63,4,77,38,11,0,0,2,0,9,0,0,0,0,,,
A,gavroche-v23-selective-sprint-cap,97,28,64,5,81,38,12,0,0,2,1,9,0,0,0,0,,,
A,gavroche-v23-selective-sprint-cap,98,29,66,6,83,39,12,0,0,2,1,9,0,0,0,0,,,
A,gavroche-v23-selective-sprint-cap,99,30,66,4,83,40,12,0,0,2,1,9,0,0,0,0,,,
A,gavroche-v23-selective-sprint-cap,100,31,68,3,85,41,12,0,0,2,1,9,0,0,0,0,71.78819444444444,0.0,0.0
A,gavroche-v23-selective-sprint-cap,101,30,67,4,86,41,13,0,0,2,1,10,0,0,0,0,,,
A,gavroche-v23-selective-sprint-cap,102,30,68,4,87,41,13,0,0,2,1,10,0,0,0,0,,,
A,gavroche-v23-selective-sprint-cap,103,31,69,4,88,42,13,0,0,2,1,10,0,0,0,0,,,
A,gavroche-v23-selective-sprint-cap,104,32,70,3,89,43,13,0,0,2,1,10,0,0,0,0,,,
A,gavroche-v23-selective-sprint-cap,105,32,71,4,90,43,13,0,0,2,1,10,0,0,0,0,,,
A,gavroche-v23-selective-sprint-cap,106,32,72,5,91,43,13,0,0,2,1,10,0,0,0,0,,,
A,gavroche-v23-selective-sprint-cap,107,32,73,6,92,43,13,0,0,2,1,10,0,0,0,0,,,
A,gavroche-v23-selective-sprint-cap,108,33,75,4,94,44,13,0,0,2,1,10,0,0,0,0,,,
A,gavroche-v23-selective-sprint-cap,109,35,76,3,95,46,13,0,0,2,1,10,0,0,0,0,,,
A,gavroche-v23-selective-sprint-cap,110,34,75,4,96,46,14,0,0,2,1,11,0,0,0,0,71.35416666666667,0.08680555555555555,0.0
A,gavroche-v23-selective-sprint-cap,111,33,73,4,96,46,15,0,0,3,1,11,0,0,0,0,,,
A,gavroche-v23-selective-sprint-cap,112,33,74,4,97,46,15,0,0,3,1,11,0,0,0,0,,,
A,gavroche-v23-selective-sprint-cap,113,34,75,3,98,47,15,0,0,3,1,11,0,0,0,0,,,
A,gavroche-v23-selective-sprint-cap,114,34,76,4,99,47,15,0,0,3,1,11,0,0,0,0,,,
A,gavroche-v23-selective-sprint-cap,115,34,77,5,100,47,15,0,0,3,1,11,0,0,0,0,,,
A,gavroche-v23-selective-sprint-cap,116,34,78,6,101,47,15,0,0,3,1,11,0,0,0,0,,,
A,gavroche-v23-selective-sprint-cap,117,35,78,4,101,48,15,0,0,3,1,11,0,0,0,0,,,
A,gavroche-v23-selective-sprint-cap,118,36,79,3,102,49,15,0,0,3,1,11,0,0,0,0,,,
A,gavroche-v23-selective-sprint-cap,119,35,78,4,103,49,16,0,0,3,1,12,0,0,0,0,,,
A,gavroche-v23-selective-sprint-cap,120,35,78,4,103,49,16,0,0,3,1,12,0,0,0,0,71.35416666666667,0.08680555555555555,0.0
A,gavroche-v23-selective-sprint-cap,121,35,78,4,103,49,16,0,0,3,1,12,0,0,0,0,,,
A,gavroche-v23-selective-sprint-cap,122,36,79,3,104,50,16,0,0,3,1,12,0,0,0,0,,,
A,gavroche-v23-selective-sprint-cap,123,36,80,4,105,50,16,0,0,3,1,12,0,0,0,0,,,
A,gavroche-v23-selective-sprint-cap,124,36,81,5,106,50,16,0,0,3,1,12,0,0,0,0,,,
A,gavroche-v23-selective-sprint-cap,125,36,82,6,107,50,16,0,0,3,1,12,0,0,0,0,,,
A,gavroche-v23-selective-sprint-cap,126,37,83,4,108,51,16,0,0,3,1,12,0,0,0,0,,,
A,gavroche-v23-selective-sprint-cap,127,36,80,4,109,52,18,0,0,5,1,12,0,0,0,0,,,
A,gavroche-v23-selective-sprint-cap,128,35,77,4,110,53,20,0,0,5,2,13,0,0,0,0,,,
A,gavroche-v23-selective-sprint-cap,129,34,76,4,112,53,21,0,0,5,2,14,0,0,0,0,,,
A,gavroche-v23-selective-sprint-cap,130,35,78,4,114,54,21,0,0,5,2,14,0,0,0,0,71.35416666666667,0.08680555555555555,0.0
A,gavroche-v23-selective-sprint-cap,131,36,81,4,117,55,21,0,0,5,2,14,0,0,0,0,,,
A,gavroche-v23-selective-sprint-cap,132,37,83,4,119,56,21,0,0,5,2,14,0,0,0,0,,,
A,gavroche-v23-selective-sprint-cap,133,38,84,5,120,57,21,0,0,5,2,14,0,0,0,0,,,
A,gavroche-v23-selective-sprint-cap,134,38,86,6,122,57,21,0,0,5,2,14,0,0,0,0,,,
A,gavroche-v23-selective-sprint-cap,135,39,89,4,125,58,21,0,0,5,2,14,0,0,0,0,,,
A,gavroche-v23-selective-sprint-cap,136,41,87,3,126,61,22,0,0,6,2,14,0,0,0,0,,,
A,gavroche-v23-selective-sprint-cap,137,40,86,4,127,61,23,0,0,6,2,15,0,0,0,0,,,
A,gavroche-v23-selective-sprint-cap,138,40,86,4,127,61,23,0,0,6,2,15,0,0,0,0,,,
A,gavroche-v23-selective-sprint-cap,139,40,86,4,127,61,23,0,0,6,2,15,0,0,0,0,,,
A,gavroche-v23-selective-sprint-cap,140,41,87,3,128,62,23,0,0,6,2,15,0,0,0,0,70.05208333333333,0.1736111111111111,0.0
A,gavroche-v23-selective-sprint-cap,141,40,87,4,130,62,24,0,0,6,2,16,0,0,0,0,,,
A,gavroche-v23-selective-sprint-cap,142,40,89,5,132,62,24,0,0,6,2,16,0,0,0,0,,,
A,gavroche-v23-selective-sprint-cap,143,40,91,6,134,62,24,0,0,6,2,16,0,0,0,0,,,
A,gavroche-v23-selective-sprint-cap,144,41,93,4,136,63,24,0,0,6,2,16,0,0,0,0,,,
A,gavroche-v23-selective-sprint-cap,145,42,91,3,137,65,25,0,0,7,2,16,0,0,0,0,,,
A,gavroche-v23-selective-sprint-cap,146,40,88,4,138,65,27,0,0,8,2,17,0,0,0,0,,,
A,gavroche-v23-selective-sprint-cap,147,40,88,4,138,65,27,0,0,8,2,17,0,0,0,0,,,
A,gavroche-v23-selective-sprint-cap,148,40,88,4,138,65,27,0,0,8,2,17,0,0,0,0,,,
A,gavroche-v23-selective-sprint-cap,149,40,88,4,140,66,28,0,0,8,3,17,0,0,0,0,,,
A,gavroche-v23-selective-sprint-cap,150,41,92,4,144,67,28,0,0,8,3,17,0,0,0,0,70.65972222222223,0.0,0.0
A,gavroche-v23-selective-sprint-cap,151,42,94,5,146,68,28,0,0,8,3,17,0,0,0,0,,,
A,gavroche-v23-selective-sprint-cap,152,43,97,6,149,69,28,0,0,8,3,17,0,0,0,0,,,
A,gavroche-v23-selective-sprint-cap,153,44,98,4,150,70,28,0,0,8,3,17,0,0,0,0,,,
A,gavroche-v23-selective-sprint-cap,154,45,99,3,151,71,28,0,0,8,3,17,0,0,0,0,,,
A,gavroche-v23-selective-sprint-cap,155,43,96,4,152,71,30,0,0,9,3,18,0,0,0,0,,,
A,gavroche-v23-selective-sprint-cap,156,43,97,4,153,71,30,0,0,9,3,18,0,0,0,0,,,
A,gavroche-v23-selective-sprint-cap,157,44,99,4,155,72,30,0,0,9,3,18,0,0,0,0,,,
A,gavroche-v23-selective-sprint-cap,158,44,98,3,157,73,31,0,0,10,3,18,0,0,0,0,,,
A,gavroche-v23-selective-sprint-cap,159,43,96,4,158,73,32,0,0,10,3,19,0,0,0,0,,,
A,gavroche-v23-selective-sprint-cap,160,43,98,5,160,73,32,0,0,10,3,19,0,0,0,0,65.97222222222223,0.6076388888888888,0.0
A,gavroche-v23-selective-sprint-cap,161,43,99,6,161,73,32,0,0,10,3,19,0,0,0,0,,,
A,gavroche-v23-selective-sprint-cap,162,44,101,4,163,74,32,0,0,10,3,19,0,0,0,0,,,
A,gavroche-v23-selective-sprint-cap,163,46,102,3,164,76,32,0,0,10,3,19,0,0,0,0,,,
A,gavroche-v23-selective-sprint-cap,164,43,97,4,166,76,35,0,0,12,3,20,0,0,0,0,,,
A,gavroche-v23-selective-sprint-cap,165,43,98,4,167,76,35,0,0,12,3,20,0,0,0,0,,,
A,gavroche-v23-selective-sprint-cap,166,43,98,4,167,76,35,0,0,12,3,20,0,0,0,0,,,
A,gavroche-v23-selective-sprint-cap,167,42,98,4,172,77,37,0,0,12,5,20,0,0,0,0,,,
A,gavroche-v23-selective-sprint-cap,168,42,100,4,174,77,37,0,0,12,5,20,0,0,0,0,,,
A,gavroche-v23-selective-sprint-cap,169,44,102,5,176,79,37,0,0,12,5,20,0,0,0,0,,,
A,gavroche-v23-selective-sprint-cap,170,44,101,6,177,80,38,0,0,13,5,20,0,0,0,0,62.06597222222222,0.6076388888888888,0.0
A,gavroche-v23-selective-sprint-cap,171,45,101,4,177,81,38,0,0,13,5,20,0,0,0,0,,,
A,gavroche-v23-selective-sprint-cap,172,45,100,3,178,82,39,0,0,13,6,20,0,0,0,0,,,
A,gavroche-v23-selective-sprint-cap,173,43,99,4,181,82,41,0,0,13,7,21,0,0,0,0,,,
A,gavroche-v23-selective-sprint-cap,174,42,98,4,182,82,42,0,0,14,7,21,0,0,0,0,,,
A,gavroche-v23-selective-sprint-cap,175,42,98,4,182,82,42,0,0,14,7,21,0,0,0,0,,,
A,gavroche-v23-selective-sprint-cap,176,42,97,3,184,83,43,0,0,15,7,21,0,0,0,0,,,
A,gavroche-v23-selective-sprint-cap,177,42,98,4,185,83,43,0,0,15,7,21,0,0,0,0,,,
A,gavroche-v23-selective-sprint-cap,178,42,100,5,187,83,43,0,0,15,7,21,0,0,0,0,,,
A,gavroche-v23-selective-sprint-cap,179,42,101,6,188,83,43,0,0,15,7,21,0,0,0,0,,,
A,gavroche-v23-selective-sprint-cap,180,43,101,4,188,84,43,0,0,15,7,21,0,0,0,0,64.40972222222223,1.9965277777777777,0.0
A,gavroche-v23-selective-sprint-cap,181,43,100,3,189,85,44,0,1,15,7,21,0,0,0,0,,,
A,gavroche-v23-selective-sprint-cap,182,42,100,4,191,85,45,0,1,15,7,22,0,0,0,0,,,
A,gavroche-v23-selective-sprint-cap,183,41,98,4,192,85,46,0,1,15,8,22,0,0,0,0,,,
A,gavroche-v23-selective-sprint-cap,184,42,101,4,195,86,46,0,1,15,8,22,0,0,0,0,,,
A,gavroche-v23-selective-sprint-cap,185,40,94,3,197,87,49,0,1,17,9,22,0,0,0,0,,,
A,gavroche-v23-selective-sprint-cap,186,40,95,4,198,87,49,0,1,17,9,22,0,0,0,0,,,
A,gavroche-v23-selective-sprint-cap,187,39,93,5,199,87,50,0,1,18,9,22,0,0,0,0,,,
A,gavroche-v23-selective-sprint-cap,188,39,94,6,200,87,50,0,1,18,9,22,0,0,0,0,,,
A,gavroche-v23-selective-sprint-cap,189,38,90,4,200,88,52,0,1,20,9,22,0,0,0,0,,,
A,gavroche-v23-selective-sprint-cap,190,39,91,3,201,89,52,0,1,20,9,22,0,0,0,0,61.63194444444444,1.9965277777777777,0.0
A,gavroche-v23-selective-sprint-cap,191,37,91,4,205,89,54,0,1,21,9,23,0,0,0,0,,,
A,gavroche-v23-selective-sprint-cap,192,36,89,4,207,90,56,1,2,22,9,23,0,0,0,0,,,
A,gavroche-v23-selective-sprint-cap,193,36,87,4,210,92,58,1,2,23,9,24,0,0,0,0,,,
A,gavroche-v23-selective-sprint-cap,194,37,87,3,213,94,59,1,2,24,9,24,0,0,0,0,,,
A,gavroche-v23-selective-sprint-cap,195,36,87,4,216,94,60,1,2,24,10,24,0,0,0,0,,,
A,gavroche-v23-selective-sprint-cap,196,36,92,5,221,94,60,1,2,24,10,24,0,0,0,0,,,
A,gavroche-v23-selective-sprint-cap,197,36,93,6,224,95,61,1,2,25,10,24,0,0,0,0,,,
A,gavroche-v23-selective-sprint-cap,198,37,90,4,225,97,62,2,3,25,10,24,0,0,0,0,,,
A,gavroche-v23-selective-sprint-cap,199,39,91,3,226,99,62,2,3,25,10,24,0,0,0,0,,,
A,gavroche-v23-selective-sprint-cap,200,38,90,4,227,99,63,2,3,25,10,25,0,0,0,0,55.295138888888886,1.9965277777777777,0.0
A,gavroche-v23-selective-sprint-cap,201,37,89,4,228,99,64,2,3,25,10,26,0,0,0,0,,,
A,gavroche-v23-selective-sprint-cap,202,37,89,4,228,99,64,2,3,25,10,26,0,0,0,0,,,
A,gavroche-v23-selective-sprint-cap,203,38,90,3,229,100,64,2,3,25,10,26,0,0,0,0,,,
A,gavroche-v23-selective-sprint-cap,204,38,91,4,230,100,64,2,3,25,10,26,0,0,0,0,,,
A,gavroche-v23-selective-sprint-cap,205,38,92,5,231,100,64,2,3,25,10,26,0,0,0,0,,,
A,gavroche-v23-selective-sprint-cap,206,38,94,6,233,100,64,2,3,25,10,26,0,0,0,0,,,
A,gavroche-v23-selective-sprint-cap,207,38,93,4,235,101,65,2,3,26,10,26,0,0,0,0,,,
A,gavroche-v23-selective-sprint-cap,208,40,94,3,236,103,65,2,3,26,10,26,0,0,0,0,,,
A,gavroche-v23-selective-sprint-cap,209,38,91,4,238,103,67,3,4,26,10,27,0,0,0,0,,,
A,gavroche-v23-selective-sprint-cap,210,38,92,4,239,103,67,3,4,26,10,27,0,0,0,0,55.03472222222222,1.6493055555555556,0.0
A,gavroche-v23-selective-sprint-cap,211,38,91,4,241,104,68,3,4,27,10,27,0,0,0,0,,,
A,gavroche-v23-selective-sprint-cap,212,40,94,3,244,106,68,3,4,27,10,27,0,0,0,0,,,
A,gavroche-v23-selective-sprint-cap,213,40,96,4,246,106,68,3,4,27,10,27,0,0,0,0,,,
A,gavroche-v23-selective-sprint-cap,214,39,97,5,249,106,69,3,4,27,11,27,0,0,0,0,,,
A,gavroche-v23-selective-sprint-cap,215,40,98,6,250,107,69,3,4,27,11,27,0,0,0,0,,,
A,gavroche-v23-selective-sprint-cap,216,40,96,4,250,108,70,3,4,27,11,28,0,0,0,0,,,
A,gavroche-v23-selective-sprint-cap,217,41,98,3,252,109,70,3,4,27,11,28,0,0,0,0,,,
A,gavroche-v23-selective-sprint-cap,218,40,97,4,253,109,71,3,4,27,11,29,0,0,0,0,,,
A,gavroche-v23-selective-sprint-cap,219,40,97,4,253,109,71,3,4,27,11,29,0,0,0,0,,,
A,gavroche-v23-selective-sprint-cap,220,40,97,4,253,109,71,3,4,27,11,29,0,0,0,0,56.857638888888886,2.6909722222222223,0.0
A,gavroche-v23-selective-sprint-cap,221,37,88,3,254,110,75,3,4,31,11,29,0,0,0,0,,,
A,gavroche-v23-selective-sprint-cap,222,37,89,4,255,110,75,3,4,31,11,29,0,0,0,0,,,
A,gavroche-v23-selective-sprint-cap,223,37,90,5,256,110,75,3,4,31,11,29,0,0,0,0,,,
A,gavroche-v23-selective-sprint-cap,224,37,91,6,257,110,75,3,4,31,11,29,0,0,0,0,,,
A,gavroche-v23-selective-sprint-cap,225,37,92,4,260,111,76,3,4,32,11,29,0,0,0,0,,,
A,gavroche-v23-selective-sprint-cap,226,38,94,4,262,112,76,3,4,32,11,29,0,0,0,0,,,
A,gavroche-v23-selective-sprint-cap,227,38,94,4,264,113,77,3,4,32,11,30,0,0,0,0,,,
A,gavroche-v23-selective-sprint-cap,228,39,94,4,264,114,77,3,4,32,11,30,0,0,0,0,,,
A,gavroche-v23-selective-sprint-cap,229,38,94,4,266,114,78,4,4,32,12,30,0,0,0,0,,,
A,gavroche-v23-selective-sprint-cap,230,39,96,4,268,115,78,4,4,32,12,30,0,0,0,0,54.25347222222222,1.3888888888888888,0.0
A,gavroche-v23-selective-sprint-cap,231,37,91,4,269,115,80,5,5,32,12,31,0,0,0,0,,,
A,gavroche-v23-selective-sprint-cap,232,36,91,5,272,115,81,5,5,32,12,32,0,0,0,0,,,
A,gavroche-v23-selective-sprint-cap,233,36,93,6,274,115,81,5,5,32,12,32,0,0,0,0,,,
A,gavroche-v23-selective-sprint-cap,234,37,94,4,277,117,82,5,5,33,12,32,0,0,0,0,,,
A,gavroche-v23-selective-sprint-cap,235,38,97,4,280,118,82,5,5,33,12,32,0,0,0,0,,,
A,gavroche-v23-selective-sprint-cap,236,37,96,4,284,119,84,6,6,33,12,33,0,0,0,0,,,
A,gavroche-v23-selective-sprint-cap,237,38,95,4,285,121,85,6,6,33,12,34,0,0,0,0,,,
A,gavroche-v23-selective-sprint-cap,238,38,98,4,288,121,85,6,6,33,12,34,0,0,0,0,,,
A,gavroche-v23-selective-sprint-cap,239,37,90,3,289,123,88,6,6,36,12,34,0,0,0,0,,,
A,gavroche-v23-selective-sprint-cap,240,37,93,4,292,123,88,6,6,36,12,34,0,0,0,0,48.52430555555556,4.166666666666667,0.0
A,gavroche-v23-selective-sprint-cap,241,37,94,5,293,123,88,6,6,36,12,34,0,0,0,0,,,
A,gavroche-v23-selective-sprint-cap,242,35,92,6,296,123,90,6,6,38,12,34,0,0,0,0,,,
A,gavroche-v23-selective-sprint-cap,243,36,89,4,298,126,92,7,7,38,13,34,0,0,0,0,,,
A,gavroche-v23-selective-sprint-cap,244,37,89,3,300,128,93,7,7,38,14,34,0,0,0,0,,,
A,gavroche-v23-selective-sprint-cap,245,36,90,4,303,128,94,7,7,38,14,35,0,0,0,0,,,
A,gavroche-v23-selective-sprint-cap,246,36,92,4,305,128,94,7,7,38,14,35,0,0,0,0,,,
A,gavroche-v23-selective-sprint-cap,247,35,90,4,306,128,95,7,7,38,14,36,0,0,0,0,,,
A,gavroche-v23-selective-sprint-cap,248,37,92,3,308,130,95,7,7,38,14,36,0,0,0,0,,,
A,gavroche-v23-selective-sprint-cap,249,35,89,4,310,130,97,7,7,40,14,36,0,0,0,0,,,
A,gavroche-v23-selective-sprint-cap,250,35,92,5,313,130,97,7,7,40,14,36,0,0,0,0,52.77777777777778,1.1284722222222223,0.0
A,gavroche-v23-selective-sprint-cap,251,35,92,6,315,131,98,7,7,40,15,36,0,0,0,0,,,
A,gavroche-v23-selective-sprint-cap,252,37,93,4,316,133,98,7,7,40,15,36,0,0,0,0,,,
A,gavroche-v23-selective-sprint-cap,253,37,93,3,318,134,99,7,7,40,15,37,0,0,0,0,,,
A,gavroche-v23-selective-sprint-cap,254,36,93,4,320,134,100,7,7,40,15,38,0,0,0,0,,,
A,gavroche-v23-selective-sprint-cap,255,34,88,4,320,134,102,7,7,42,15,38,0,0,0,0,,,
A,gavroche-v23-selective-sprint-cap,256,34,89,4,321,134,102,7,7,42,15,38,0,0,0,0,,,
A,gavroche-v23-selective-sprint-cap,257,35,91,4,323,135,102,7,7,42,15,38,0,0,0,0,,,
A,gavroche-v23-selective-sprint-cap,258,35,90,5,324,136,103,7,7,43,15,38,0,0,0,0,,,
A,gavroche-v23-selective-sprint-cap,259,35,91,5,325,136,103,7,7,43,15,38,0,0,0,0,,,
A,gavroche-v23-selective-sprint-cap,260,35,89,5,325,137,104,7,7,43,16,38,0,0,0,0,55.12152777777778,5.902777777777778,0.0
A,gavroche-v23-selective-sprint-cap,261,35,90,5,326,137,104,7,7,43,16,38,0,0,0,0,,,
A,gavroche-v23-selective-sprint-cap,262,36,91,5,327,138,104,7,7,43,16,38,0,0,0,0,,,
A,gavroche-v23-selective-sprint-cap,263,35,87,5,328,139,106,7,7,45,16,38,0,0,0,0,,,
A,gavroche-v23-selective-sprint-cap,264,35,89,5,330,139,106,7,7,45,16,38,0,0,0,0,,,
A,gavroche-v23-selective-sprint-cap,265,36,91,5,332,140,106,7,7,45,16,38,0,0,0,0,,,
A,gavroche-v23-selective-sprint-cap,266,36,91,5,334,141,107,8,8,45,16,38,0,0,0,0,,,
A,gavroche-v23-selective-sprint-cap,267,37,93,5,336,142,107,9,8,45,16,38,0,0,0,0,,,
A,gavroche-v23-selective-sprint-cap,268,39,94,5,337,144,107,9,8,45,16,38,0,0,0,0,,,
A,gavroche-v23-selective-sprint-cap,269,38,96,5,341,144,108,9,8,45,17,38,0,0,0,0,,,
A,gavroche-v23-selective-sprint-cap,270,39,97,5,344,146,109,9,8,45,18,38,0,0,0,0,51.99652777777778,3.125,0.0
A,gavroche-v23-selective-sprint-cap,271,37,96,5,348,146,111,9,8,47,18,38,0,0,0,0,,,
A,gavroche-v23-selective-sprint-cap,272,40,99,5,351,149,111,9,8,47,18,38,0,0,0,0,,,
A,gavroche-v23-selective-sprint-cap,273,39,96,5,353,150,113,10,9,47,18,39,0,0,0,0,,,
A,gavroche-v23-selective-sprint-cap,274,40,97,6,354,151,113,10,9,47,18,39,0,0,0,0,,,
A,gavroche-v23-selective-sprint-cap,275,41,97,5,354,152,113,10,9,47,18,39,0,0,0,0,,,
A,gavroche-v23-selective-sprint-cap,276,42,98,5,355,153,113,10,9,47,18,39,0,0,0,0,,,
A,gavroche-v23-selective-sprint-cap,277,41,99,5,358,153,114,10,9,47,18,40,0,0,0,0,,,
A,gavroche-v23-selective-sprint-cap,278,42,100,5,359,154,114,10,9,47,18,40,0,0,0,0,,,
A,gavroche-v23-selective-sprint-cap,279,42,100,5,359,154,114,10,9,47,18,40,0,0,0,0,,,
A,gavroche-v23-selective-sprint-cap,280,43,100,5,361,156,115,10,9,47,19,40,0,0,0,0,53.03819444444444,3.3854166666666665,0.0
A,gavroche-v23-selective-sprint-cap,281,42,100,5,363,156,116,10,9,48,19,40,0,0,0,0,,,
A,gavroche-v23-selective-sprint-cap,282,41,100,6,365,156,117,10,9,48,19,41,0,0,0,0,,,
A,gavroche-v23-selective-sprint-cap,283,42,102,6,367,157,117,10,9,48,19,41,0,0,0,0,,,
A,gavroche-v23-selective-sprint-cap,284,43,102,4,367,158,117,10,9,48,19,41,0,0,0,0,,,
A,gavroche-v23-selective-sprint-cap,285,44,104,5,369,159,117,10,9,48,19,41,0,0,0,0,,,
A,gavroche-v23-selective-sprint-cap,286,43,103,5,370,159,118,10,9,48,19,42,0,0,0,0,,,
A,gavroche-v23-selective-sprint-cap,287,42,101,5,370,159,119,10,9,48,20,42,0,0,0,0,,,
A,gavroche-v23-selective-sprint-cap,288,42,101,5,370,159,119,10,9,48,20,42,0,0,0,0,,,
A,gavroche-v23-selective-sprint-cap,289,43,102,5,371,160,119,10,9,48,20,42,0,0,0,0,,,
A,gavroche-v23-selective-sprint-cap,290,44,103,4,372,161,119,10,9,48,20,42,0,0,0,0,55.81597222222222,2.4305555555555554,0.0
A,gavroche-v23-selective-sprint-cap,291,44,106,5,375,161,119,10,9,48,20,42,0,0,0,0,,,
A,gavroche-v23-selective-sprint-cap,292,45,108,6,377,162,119,10,9,48,20,42,0,0,0,0,,,
A,gavroche-v23-selective-sprint-cap,293,45,107,4,379,163,120,11,10,48,20,42,0,0,0,0,,,
A,gavroche-v23-selective-sprint-cap,294,47,108,3,380,165,120,11,10,48,20,42,0,0,0,0,,,
A,gavroche-v23-selective-sprint-cap,295,46,107,4,381,165,121,11,10,48,20,43,0,0,0,0,,,
A,gavroche-v23-selective-sprint-cap,296,45,105,4,382,165,122,11,10,48,21,43,0,0,0,0,,,
A,gavroche-v23-selective-sprint-cap,297,45,105,4,382,165,122,11,10,48,21,43,0,0,0,0,,,
A,gavroche-v23-selective-sprint-cap,298,45,108,4,385,165,122,11,10,48,21,43,0,0,0,0,,,
A,gavroche-v23-selective-sprint-cap,299,46,107,4,386,167,123,11,10,48,22,43,0,0,0,0,,,
A,gavroche-v23-selective-sprint-cap,300,46,106,4,386,167,123,12,10,48,22,43,0,0,0,0,63.62847222222222,2.517361111111111,0.0
A,gavroche-v23-selective-sprint-cap,301,46,106,4,386,167,123,12,10,48,22,43,0,0,0,0,,,
A,gavroche-v23-selective-sprint-cap,302,45,106,4,388,167,124,12,10,48,22,44,0,0,0,0,,,
A,gavroche-v23-selective-sprint-cap,303,45,107,4,391,168,125,12,10,49,22,44,0,0,0,0,,,
A,gavroche-v23-selective-sprint-cap,304,45,107,4,391,168,125,12,10,49,22,44,0,0,0,0,,,
A,gavroche-v23-selective-sprint-cap,305,45,109,4,393,168,125,12,10,49,22,44,0,0,0,0,,,
A,gavroche-v23-selective-sprint-cap,306,45,109,4,396,169,126,12,10,49,23,44,0,0,0,0,,,
A,gavroche-v23-selective-sprint-cap,307,47,109,4,396,171,126,12,10,49,23,44,0,0,0,0,,,
A,gavroche-v23-selective-sprint-cap,308,47,110,4,397,171,126,12,10,49,23,44,0,0,0,0,,,
A,gavroche-v23-selective-sprint-cap,309,48,111,4,398,172,126,12,10,49,23,44,0,0,0,0,,,
A,gavroche-v23-selective-sprint-cap,310,47,110,4,399,172,127,12,10,49,24,44,0,0,0,0,60.24305555555556,3.0381944444444446,0.0
A,gavroche-v23-selective-sprint-cap,311,46,110,4,401,172,128,12,10,49,25,44,0,0,0,0,,,
A,gavroche-v23-selective-sprint-cap,312,46,111,5,402,172,128,12,10,49,25,44,0,0,0,0,,,
A,gavroche-v23-selective-sprint-cap,313,45,110,5,403,172,129,12,10,49,26,44,0,0,0,0,,,
A,gavroche-v23-selective-sprint-cap,314,45,109,5,403,172,129,12,10,49,26,44,0,0,0,0,,,
A,gavroche-v23-selective-sprint-cap,315,45,110,5,404,172,129,12,10,49,26,44,0,0,0,0,,,
A,gavroche-v23-selective-sprint-cap,316,45,108,5,404,173,130,12,10,50,26,44,0,0,0,0,,,
A,gavroche-v23-selective-sprint-cap,317,44,106,5,405,173,131,13,10,50,26,45,0,0,0,0,,,
A,gavroche-v23-selective-sprint-cap,318,45,108,5,407,174,131,13,10,50,26,45,0,0,0,0,,,
A,gavroche-v23-selective-sprint-cap,319,46,108,5,407,175,131,13,10,50,26,45,0,0,0,0,,,
A,gavroche-v23-selective-sprint-cap,320,46,109,5,408,175,131,13,10,50,26,45,0,0,0,0,62.93402777777778,2.4305555555555554,0.0
A,gavroche-v23-selective-sprint-cap,321,45,108,5,409,175,132,13,10,51,26,45,0,0,0,0,,,
A,gavroche-v23-selective-sprint-cap,322,44,106,5,409,175,133,13,10,52,26,45,0,0,0,0,,,
A,gavroche-v23-selective-sprint-cap,323,44,107,5,410,175,133,13,10,52,26,45,0,0,0,0,,,
A,gavroche-v23-selective-sprint-cap,324,43,105,5,411,175,134,14,11,52,26,45,0,0,0,0,,,
A,gavroche-v23-selective-sprint-cap,325,42,102,5,411,175,135,14,11,52,27,45,0,0,0,0,,,
A,gavroche-v23-selective-sprint-cap,326,42,102,5,411,175,135,14,11,52,27,45,0,0,0,0,,,
A,gavroche-v23-selective-sprint-cap,327,41,101,5,412,175,136,14,11,53,27,45,0,0,0,0,,,
A,gavroche-v23-selective-sprint-cap,328,42,101,5,412,176,136,14,11,53,27,45,0,0,0,0,,,
A,gavroche-v23-selective-sprint-cap,329,42,101,5,412,176,136,14,11,53,27,45,0,0,0,0,,,
A,gavroche-v23-selective-sprint-cap,330,42,101,5,412,176,136,14,11,53,27,45,0,0,0,0,63.107638888888886,0.8680555555555556,0.0
A,gavroche-v23-selective-sprint-cap,331,42,101,5,412,176,136,14,11,53,27,45,0,0,0,0,,,
A,gavroche-v23-selective-sprint-cap,332,42,102,5,413,176,136,14,11,53,27,45,0,0,0,0,,,
A,gavroche-v23-selective-sprint-cap,333,42,102,5,413,176,136,14,11,53,27,45,0,0,0,0,,,
A,gavroche-v23-selective-sprint-cap,334,42,102,5,413,176,136,14,11,53,27,45,0,0,0,0,,,
A,gavroche-v23-selective-sprint-cap,335,41,100,5,414,176,137,14,11,53,28,45,0,0,0,0,,,
A,gavroche-v23-selective-sprint-cap,336,41,103,5,417,176,137,14,11,53,28,45,0,0,0,0,,,
A,gavroche-v23-selective-sprint-cap,337,40,100,5,417,176,138,14,11,54,28,45,0,0,0,0,,,
A,gavroche-v23-selective-sprint-cap,338,41,101,5,418,177,138,14,11,54,28,45,0,0,0,0,,,
A,gavroche-v23-selective-sprint-cap,339,40,99,5,419,177,139,15,12,54,28,45,0,0,0,0,,,
A,gavroche-v23-selective-sprint-cap,340,40,97,5,420,178,140,16,13,54,28,45,0,0,0,0,67.88194444444444,0.3472222222222222,0.0
A,gavroche-v23-selective-sprint-cap,341,40,96,5,421,179,141,16,13,54,28,46,0,0,0,0,,,
A,gavroche-v23-selective-sprint-cap,342,38,94,5,424,179,143,16,13,56,28,46,0,0,0,0,,,
A,gavroche-v23-selective-sprint-cap,343,39,93,5,425,181,144,16,13,56,29,46,0,0,0,0,,,
A,gavroche-v23-selective-sprint-cap,344,39,95,5,427,181,144,16,13,56,29,46,0,0,0,0,,,
A,gavroche-v23-selective-sprint-cap,345,39,95,5,427,181,144,16,13,56,29,46,0,0,0,0,,,
A,gavroche-v23-selective-sprint-cap,346,39,96,5,428,181,144,16,13,56,29,46,0,0,0,0,,,
A,gavroche-v23-selective-sprint-cap,347,40,97,6,430,182,144,16,13,56,29,46,0,0,0,0,,,
A,gavroche-v23-selective-sprint-cap,348,39,96,7,431,182,145,16,13,56,30,46,0,0,0,0,,,
A,gavroche-v23-selective-sprint-cap,349,39,96,7,431,182,145,16,13,56,30,46,0,0,0,0,,,
A,gavroche-v23-selective-sprint-cap,350,39,96,7,431,182,145,16,13,56,30,46,0,0,0,0,69.09722222222223,0.78125,0.0
A,gavroche-v23-selective-sprint-cap,351,39,97,7,432,182,145,16,13,56,30,46,0,0,0,0,,,
A,gavroche-v23-selective-sprint-cap,352,40,98,7,433,183,145,16,13,56,30,46,0,0,0,0,,,
A,gavroche-v23-selective-sprint-cap,353,41,98,7,433,184,145,16,13,56,30,46,0,0,0,0,,,
A,gavroche-v23-selective-sprint-cap,354,41,99,7,434,184,145,16,13,56,30,46,0,0,0,0,,,
A,gavroche-v23-selective-sprint-cap,355,41,100,7,435,184,145,16,13,56,30,46,0,0,0,0,,,
A,gavroche-v23-selective-sprint-cap,356,42,101,7,436,185,145,16,13,56,30,46,0,0,0,0,,,
A,gavroche-v23-selective-sprint-cap,357,42,103,7,438,185,145,16,13,56,30,46,0,0,0,0,,,
A,gavroche-v23-selective-sprint-cap,358,42,105,7,440,185,145,16,13,56,30,46,0,0,0,0,,,
A,gavroche-v23-selective-sprint-cap,359,42,107,7,442,185,145,16,13,56,30,46,0,0,0,0,,,
A,gavroche-v23-selective-sprint-cap,360,43,108,7,445,187,146,16,13,57,30,46,0,0,0,0,68.66319444444444,0.78125,0.0
A,gavroche-v23-selective-sprint-cap,361,46,105,3,445,191,147,16,13,57,30,47,0,0,0,0,,,
A,gavroche-v23-selective-sprint-cap,362,46,105,3,445,191,147,16,13,57,30,47,0,0,0,0,,,
A,gavroche-v23-selective-sprint-cap,363,46,106,3,446,191,147,16,13,57,30,47,0,0,0,0,,,
A,gavroche-v23-selective-sprint-cap,364,43,103,4,449,191,150,16,13,59,31,47,0,0,0,0,,,
A,gavroche-v23-selective-sprint-cap,365,44,105,3,451,192,150,16,13,59,31,47,0,0,0,0,,,
A,gavroche-v23-selective-sprint-cap,366,42,102,4,454,192,152,16,13,59,32,48,0,0,0,0,,,
A,gavroche-v23-selective-sprint-cap,367,42,101,4,458,194,154,16,13,60,33,48,0,0,0,0,,,
A,gavroche-v23-selective-sprint-cap,368,43,101,4,461,196,155,16,13,60,34,48,0,0,0,0,,,
A,gavroche-v23-selective-sprint-cap,369,41,95,4,463,197,158,16,13,61,36,48,0,0,0,0,,,
A,gavroche-v23-selective-sprint-cap,370,41,98,4,468,198,159,16,13,62,36,48,0,0,0,0,68.75,0.6944444444444444,0.0
A,gavroche-v23-selective-sprint-cap,371,41,98,4,470,199,160,16,13,63,36,48,0,0,0,0,,,
A,gavroche-v23-selective-sprint-cap,372,42,98,4,470,200,160,16,13,63,36,48,0,0,0,0,,,
A,gavroche-v23-selective-sprint-cap,373,42,101,4,473,200,160,16,13,63,36,48,0,0,0,0,,,
A,gavroche-v23-selective-sprint-cap,374,43,102,4,474,201,160,16,13,63,36,48,0,0,0,0,,,
A,gavroche-v23-selective-sprint-cap,375,42,101,4,475,201,161,16,13,63,37,48,0,0,0,0,,,
A,gavroche-v23-selective-sprint-cap,376,42,101,4,475,201,161,16,13,63,37,48,0,0,0,0,,,
A,gavroche-v23-selective-sprint-cap,377,42,102,4,476,201,161,16,13,63,37,48,0,0,0,0,,,
A,gavroche-v23-selective-sprint-cap,378,42,103,4,477,201,161,16,13,63,37,48,0,0,0,0,,,
A,gavroche-v23-selective-sprint-cap,379,42,106,5,480,201,161,16,13,63,37,48,0,0,0,0,,,
A,gavroche-v23-selective-sprint-cap,380,44,107,5,481,203,161,16,13,63,37,48,0,0,0,0,64.93055555555556,0.5208333333333334,0.0
A,gavroche-v23-selective-sprint-cap,381,44,110,6,484,203,161,16,13,63,37,48,0,0,0,0,,,
A,gavroche-v23-selective-sprint-cap,382,44,111,6,485,203,161,16,13,63,37,48,0,0,0,0,,,
A,gavroche-v23-selective-sprint-cap,383,43,109,6,486,203,162,16,13,64,37,48,0,0,0,0,,,
A,gavroche-v23-selective-sprint-cap,384,43,112,7,489,203,162,16,13,64,37,48,0,0,0,0,,,
A,gavroche-v23-selective-sprint-cap,385,44,113,8,490,204,162,17,13,64,37,48,0,0,0,0,,,
A,gavroche-v23-selective-sprint-cap,386,43,106,6,491,205,164,17,13,64,37,50,0,0,0,0,,,
A,gavroche-v23-selective-sprint-cap,387,42,105,6,492,205,165,17,13,64,37,51,0,0,0,0,,,
A,gavroche-v23-selective-sprint-cap,388,42,105,6,492,205,165,17,13,64,37,51,0,0,0,0,,,
A,gavroche-v23-selective-sprint-cap,389,41,104,6,493,205,166,17,13,65,37,51,0,0,0,0,,,
A,gavroche-v23-selective-sprint-cap,390,41,107,6,496,205,166,17,13,65,37,51,0,0,0,0,63.020833333333336,0.08680555555555555,0.0
A,gavroche-v23-selective-sprint-cap,391,41,109,7,498,205,166,17,13,65,37,51,0,0,0,0,,,
A,gavroche-v23-selective-sprint-cap,392,40,108,7,499,205,167,17,13,65,38,51,0,0,0,0,,,
A,gavroche-v23-selective-sprint-cap,393,40,110,8,501,205,167,17,13,65,38,51,0,0,0,0,,,
A,gavroche-v23-selective-sprint-cap,394,40,111,9,502,205,167,17,13,65,38,51,0,0,0,0,,,
A,gavroche-v23-selective-sprint-cap,395,41,111,7,502,206,167,17,13,65,38,51,0,0,0,0,,,
A,gavroche-v23-selective-sprint-cap,396,39,108,7,503,206,169,17,13,66,38,52,0,0,0,0,,,
A,gavroche-v23-selective-sprint-cap,397,37,108,8,507,206,171,17,13,67,39,52,0,0,0,0,,,
A,gavroche-v23-selective-sprint-cap,398,36,106,8,508,206,172,17,13,67,39,53,0,0,0,0,,,
A,gavroche-v23-selective-sprint-cap,399,35,104,8,509,206,173,17,13,67,39,54,0,0,0,0,,,
A,gavroche-v23-selective-sprint-cap,400,34,103,8,510,206,174,17,13,68,39,54,0,0,0,0,68.75,0.0,0.0
A,gavroche-v23-selective-sprint-cap,401,34,101,8,510,207,175,17,13,69,39,54,0,0,0,0,,,
A,gavroche-v23-selective-sprint-cap,402,34,102,8,511,207,175,17,13,69,39,54,0,0,0,0,,,
A,gavroche-v23-selective-sprint-cap,403,34,102,8,511,207,175,17,13,69,39,54,0,0,0,0,,,
A,gavroche-v23-selective-sprint-cap,404,33,103,8,514,207,176,17,13,70,39,54,0,0,0,0,,,
A,gavroche-v23-selective-sprint-cap,405,34,103,8,514,208,176,18,13,70,39,54,0,0,0,0,,,
A,gavroche-v23-selective-sprint-cap,406,33,101,8,515,208,177,18,13,70,40,54,0,0,0,0,,,
A,gavroche-v23-selective-sprint-cap,407,33,105,9,519,208,177,18,13,70,40,54,0,0,0,0,,,
A,gavroche-v23-selective-sprint-cap,408,33,106,9,520,208,177,18,13,70,40,54,0,0,0,0,,,
A,gavroche-v23-selective-sprint-cap,409,33,107,10,521,208,177,18,13,70,40,54,0,0,0,0,,,
A,gavroche-v23-selective-sprint-cap,410,33,109,10,523,208,177,18,13,70,40,54,0,0,0,0,71.70138888888889,0.0,0.0
A,gavroche-v23-selective-sprint-cap,411,33,109,10,523,208,177,18,13,70,40,54,0,0,0,0,,,
A,gavroche-v23-selective-sprint-cap,412,31,105,10,524,208,179,18,13,71,41,54,0,0,0,0,,,
A,gavroche-v23-selective-sprint-cap,413,32,107,10,526,209,179,18,13,71,41,54,0,0,0,0,,,
A,gavroche-v23-selective-sprint-cap,414,32,106,10,527,210,180,18,13,71,42,54,0,0,0,0,,,
A,gavroche-v23-selective-sprint-cap,415,31,105,10,528,210,181,18,13,72,42,54,0,0,0,0,,,
A,gavroche-v23-selective-sprint-cap,416,32,106,10,529,211,181,18,13,72,42,54,0,0,0,0,,,
A,gavroche-v23-selective-sprint-cap,417,30,101,10,529,211,183,18,13,73,43,54,0,0,0,0,,,
A,gavroche-v23-selective-sprint-cap,418,25,88,10,530,211,188,18,13,73,48,54,0,0,0,0,,,
A,gavroche-v23-selective-sprint-cap,419,24,86,10,533,211,189,18,13,73,49,54,0,0,0,0,,,
A,gavroche-v23-selective-sprint-cap,420,21,79,10,534,211,192,18,13,74,51,54,0,0,0,0,68.31597222222223,0.08680555555555555,0.0
A,gavroche-v23-selective-sprint-cap,421,20,78,11,537,211,193,18,13,74,52,54,0,0,0,0,,,
A,gavroche-v23-selective-sprint-cap,422,18,72,12,539,211,195,18,13,74,54,54,0,0,0,0,,,
A,gavroche-v23-selective-sprint-cap,423,17,68,12,540,211,196,18,13,74,55,54,0,0,0,0,,,
A,gavroche-v23-selective-sprint-cap,424,16,66,13,543,211,197,18,13,74,56,54,0,0,0,0,,,
A,gavroche-v23-selective-sprint-cap,425,15,65,14,545,211,198,18,13,74,57,54,0,0,0,0,,,
A,gavroche-v23-selective-sprint-cap,426,15,66,15,546,211,198,18,13,74,57,54,0,0,0,0,,,
A,gavroche-v23-selective-sprint-cap,427,14,63,15,546,211,199,18,13,74,58,54,0,0,0,0,,,
A,gavroche-v23-selective-sprint-cap,428,14,64,16,547,211,199,18,13,74,58,54,0,0,0,0,,,
A,gavroche-v23-selective-sprint-cap,429,12,59,17,548,211,201,18,13,74,60,54,0,0,0,0,,,
A,gavroche-v23-selective-sprint-cap,430,11,57,17,549,211,202,18,13,74,61,54,0,0,0,0,61.71875,0.2604166666666667,0.0
A,gavroche-v23-selective-sprint-cap,431,9,51,18,550,211,204,18,13,74,63,54,0,0,0,0,,,
A,gavroche-v23-selective-sprint-cap,432,9,54,19,553,211,204,18,13,74,63,54,0,0,0,0,,,
A,gavroche-v23-selective-sprint-cap,433,9,56,20,555,211,204,18,13,74,63,54,0,0,0,0,,,
A,gavroche-v23-selective-sprint-cap,434,9,58,20,557,211,204,18,13,74,63,54,0,0,0,0,,,
A,gavroche-v23-selective-sprint-cap,435,9,60,21,559,211,204,18,13,74,63,54,0,0,0,0,,,
A,gavroche-v23-selective-sprint-cap,436,9,60,21,559,211,204,18,13,74,63,54,0,0,0,0,,,
A,gavroche-v23-selective-sprint-cap,437,9,60,21,559,211,204,18,13,74,63,54,0,0,0,0,,,
A,gavroche-v23-selective-sprint-cap,438,9,62,22,561,211,204,18,13,74,63,54,0,0,0,0,,,
A,gavroche-v23-selective-sprint-cap,439,9,62,22,561,211,204,18,13,74,63,54,0,0,0,0,,,
A,gavroche-v23-selective-sprint-cap,440,9,64,23,563,211,204,18,13,74,63,54,0,0,0,0,59.28819444444444,0.0,0.0
A,gavroche-v23-selective-sprint-cap,441,9,64,23,563,211,204,18,13,74,63,54,0,0,0,0,,,
A,gavroche-v23-selective-sprint-cap,442,9,66,24,565,211,204,18,13,74,63,54,0,0,0,0,,,
A,gavroche-v23-selective-sprint-cap,443,9,66,24,565,211,204,18,13,74,63,54,0,0,0,0,,,
A,gavroche-v23-selective-sprint-cap,444,9,67,25,566,211,204,18,13,74,63,54,0,0,0,0,,,
A,gavroche-v23-selective-sprint-cap,445,9,67,25,566,211,204,18,13,74,63,54,0,0,0,0,,,
A,gavroche-v23-selective-sprint-cap,446,9,68,26,567,211,204,18,13,74,63,54,0,0,0,0,,,
A,gavroche-v23-selective-sprint-cap,447,9,68,26,567,211,204,18,13,74,63,54,0,0,0,0,,,
A,gavroche-v23-selective-sprint-cap,448,8,67,27,568,211,205,18,13,74,64,54,0,0,0,0,,,
A,gavroche-v23-selective-sprint-cap,449,7,66,28,570,211,206,18,13,75,64,54,0,0,0,0,,,
A,gavroche-v23-selective-sprint-cap,450,7,66,29,572,211,206,18,13,75,64,54,0,0,0,0,57.37847222222222,0.08680555555555555,0.0
A,gavroche-v23-selective-sprint-cap,451,6,62,30,573,211,207,18,13,75,65,54,0,0,0,0,,,
A,gavroche-v23-selective-sprint-cap,452,6,62,30,573,211,207,18,13,75,65,54,0,0,0,0,,,
A,gavroche-v23-selective-sprint-cap,453,6,63,30,574,211,207,18,13,75,65,54,0,0,0,0,,,
A,gavroche-v23-selective-sprint-cap,454,6,64,31,575,211,207,18,13,75,65,54,0,0,0,0,,,
A,gavroche-v23-selective-sprint-cap,455,6,66,31,577,211,207,18,13,75,65,54,0,0,0,0,,,
A,gavroche-v23-selective-sprint-cap,456,6,67,32,578,211,207,18,13,75,65,54,0,0,0,0,,,
A,gavroche-v23-selective-sprint-cap,457,6,69,33,580,211,207,18,13,75,65,54,0,0,0,0,,,
A,gavroche-v23-selective-sprint-cap,458,6,71,34,582,211,207,18,13,75,65,54,0,0,0,0,,,
A,gavroche-v23-selective-sprint-cap,459,6,73,35,584,211,207,18,13,75,65,54,0,0,0,0,,,
A,gavroche-v23-selective-sprint-cap,460,6,74,36,585,211,207,18,13,75,65,54,0,0,0,0,54.77430555555556,0.08680555555555555,0.0
A,gavroche-v23-selective-sprint-cap,461,6,76,37,587,211,207,18,13,75,65,54,0,0,0,0,,,
A,gavroche-v23-selective-sprint-cap,462,6,78,38,589,211,207,18,13,75,65,54,0,0,0,0,,,
A,gavroche-v23-selective-sprint-cap,463,6,79,39,590,211,207,18,13,75,65,54,0,0,0,0,,,
A,gavroche-v23-selective-sprint-cap,464,6,80,40,591,211,207,18,13,75,65,54,0,0,0,0,,,
A,gavroche-v23-selective-sprint-cap,465,6,81,41,592,211,207,18,13,75,65,54,0,0,0,0,,,
A,gavroche-v23-selective-sprint-cap,466,6,82,41,593,211,207,18,13,75,65,54,0,0,0,0,,,
A,gavroche-v23-selective-sprint-cap,467,5,78,42,595,211,208,18,13,75,66,54,0,0,0,0,,,
A,gavroche-v23-selective-sprint-cap,468,5,81,43,598,211,208,18,13,75,66,54,0,0,0,0,,,
A,gavroche-v23-selective-sprint-cap,469,6,83,44,600,212,208,18,13,75,66,54,0,0,0,0,,,
A,gavroche-v23-selective-sprint-cap,470,6,83,44,602,213,209,18,13,76,66,54,0,0,0,0,53.385416666666664,0.1736111111111111,0.0
A,gavroche-v23-selective-sprint-cap,471,5,82,45,603,213,210,18,13,76,67,54,0,0,0,0,,,
A,gavroche-v23-selective-sprint-cap,472,5,83,45,604,213,210,18,13,76,67,54,0,0,0,0,,,
A,gavroche-v23-selective-sprint-cap,473,4,73,46,605,213,211,18,13,76,68,54,0,0,0,0,,,
A,gavroche-v23-selective-sprint-cap,474,4,74,46,606,213,211,18,13,76,68,54,0,0,0,0,,,
A,gavroche-v23-selective-sprint-cap,475,4,74,46,606,213,211,18,13,76,68,54,0,0,0,0,,,
A,gavroche-v23-selective-sprint-cap,476,4,75,47,607,213,211,18,13,76,68,54,0,0,0,0,,,
A,gavroche-v23-selective-sprint-cap,477,4,77,48,609,213,211,18,13,76,68,54,0,0,0,0,,,
A,gavroche-v23-selective-sprint-cap,478,4,78,49,610,213,211,18,13,76,68,54,0,0,0,0,,,
A,gavroche-v23-selective-sprint-cap,479,4,80,49,612,213,211,18,13,76,68,54,0,0,0,0,,,
A,gavroche-v23-selective-sprint-cap,480,3,72,49,612,213,212,18,13,76,69,54,0,0,0,0,53.99305555555556,0.3472222222222222,0.0
A,gavroche-v23-selective-sprint-cap,481,2,65,49,612,213,213,18,13,76,70,54,0,0,0,0,,,
A,gavroche-v23-selective-sprint-cap,482,2,66,50,613,213,213,18,13,76,70,54,0,0,0,0,,,
A,gavroche-v23-selective-sprint-cap,483,2,66,50,613,213,213,18,13,76,70,54,0,0,0,0,,,
A,gavroche-v23-selective-sprint-cap,484,2,67,51,614,213,213,18,13,76,70,54,0,0,0,0,,,
A,gavroche-v23-selective-sprint-cap,485,2,67,51,614,213,213,18,13,76,70,54,0,0,0,0,,,
A,gavroche-v23-selective-sprint-cap,486,2,67,51,614,213,213,18,13,76,70,54,0,0,0,0,,,
A,gavroche-v23-selective-sprint-cap,487,2,67,51,614,213,213,18,13,76,70,54,0,0,0,0,,,
A,gavroche-v23-selective-sprint-cap,488,2,68,52,615,213,213,18,13,76,70,54,0,0,0,0,,,
A,gavroche-v23-selective-sprint-cap,489,2,68,52,615,213,213,18,13,76,70,54,0,0,0,0,,,
A,gavroche-v23-selective-sprint-cap,490,2,69,53,616,213,213,18,13,76,70,54,0,0,0,0,53.55902777777778,0.1736111111111111,0.0
A,gavroche-v23-selective-sprint-cap,491,2,69,53,616,213,213,18,13,76,70,54,0,0,0,0,,,
A,gavroche-v23-selective-sprint-cap,492,2,70,54,617,213,213,18,13,76,70,54,0,0,0,0,,,
A,gavroche-v23-selective-sprint-cap,493,2,70,54,617,213,213,18,13,76,70,54,0,0,0,0,,,
A,gavroche-v23-selective-sprint-cap,494,2,71,55,618,213,213,18,13,76,70,54,0,0,0,0,,,
A,gavroche-v23-selective-sprint-cap,495,2,71,55,618,213,213,18,13,76,70,54,0,0,0,0,,,
A,gavroche-v23-selective-sprint-cap,496,2,72,56,619,213,213,18,13,76,70,54,0,0,0,0,,,
A,gavroche-v23-selective-sprint-cap,497,2,72,56,619,213,213,18,13,76,70,54,0,0,0,0,,,
A,gavroche-v23-selective-sprint-cap,498,2,73,57,620,213,213,18,13,76,70,54,0,0,0,0,,,
A,gavroche-v23-selective-sprint-cap,499,2,74,58,621,213,213,18,13,76,70,54,0,0,0,0,,,
A,gavroche-v23-selective-sprint-cap,500,2,75,59,622,213,213,18,13,76,70,54,0,0,0,0,53.55902777777778,0.1736111111111111,0.0
B,vn-x06-info-grad1,0,2,8,4,0,0,0,0,0,0,0,0,0,0,0,0,48.958333333333336,2.0833333333333335,0.0
B,vn-x06-info-grad1,1,4,8,2,0,2,0,0,0,0,0,0,0,0,0,0,,,
B,vn-x06-info-grad1,2,4,8,2,0,2,0,0,0,0,0,0,0,0,0,0,,,
B,vn-x06-info-grad1,3,4,8,2,0,2,0,0,0,0,0,0,0,0,0,0,,,
B,vn-x06-info-grad1,4,4,8,2,0,2,0,0,0,0,0,0,0,0,0,0,,,
B,vn-x06-info-grad1,5,4,8,2,0,2,0,0,0,0,0,0,0,0,0,0,,,
B,vn-x06-info-grad1,6,4,8,2,0,2,0,0,0,0,0,0,0,0,0,0,,,
B,vn-x06-info-grad1,7,4,8,2,0,2,0,0,0,0,0,0,0,0,0,0,,,
B,vn-x06-info-grad1,8,4,8,2,0,2,0,0,0,0,0,0,0,0,0,0,,,
B,vn-x06-info-grad1,9,4,8,2,0,2,0,0,0,0,0,0,0,0,0,0,,,
B,vn-x06-info-grad1,10,4,8,2,0,2,0,0,0,0,0,0,0,0,0,0,34.80902777777778,1.1284722222222223,0.0
B,vn-x06-info-grad1,11,4,8,2,0,2,0,0,0,0,0,0,0,0,0,0,,,
B,vn-x06-info-grad1,12,4,8,2,0,2,0,0,0,0,0,0,0,0,0,0,,,
B,vn-x06-info-grad1,13,4,8,2,0,2,0,0,0,0,0,0,0,0,0,0,,,
B,vn-x06-info-grad1,14,4,8,2,0,2,0,0,0,0,0,0,0,0,0,0,,,
B,vn-x06-info-grad1,15,4,8,2,0,2,0,0,0,0,0,0,0,0,0,0,,,
B,vn-x06-info-grad1,16,4,8,2,0,2,0,0,0,0,0,0,0,0,0,0,,,
B,vn-x06-info-grad1,17,4,10,3,2,2,0,0,0,0,0,0,0,0,0,0,,,
B,vn-x06-info-grad1,18,4,10,3,2,2,0,0,0,0,0,0,0,0,0,0,,,
B,vn-x06-info-grad1,19,4,10,3,2,2,0,0,0,0,0,0,0,0,0,0,,,
B,vn-x06-info-grad1,20,4,10,3,2,2,0,0,0,0,0,0,0,0,0,0,30.555555555555557,0.0,0.0
B,vn-x06-info-grad1,21,4,10,3,2,2,0,0,0,0,0,0,0,0,0,0,,,
B,vn-x06-info-grad1,22,4,10,3,2,2,0,0,0,0,0,0,0,0,0,0,,,
B,vn-x06-info-grad1,23,4,11,4,3,2,0,0,0,0,0,0,0,0,0,0,,,
B,vn-x06-info-grad1,24,5,11,3,3,3,0,0,0,0,0,0,0,0,0,0,,,
B,vn-x06-info-grad1,25,5,12,3,4,3,0,0,0,0,0,0,0,0,0,0,,,
B,vn-x06-info-grad1,26,5,12,3,4,3,0,0,0,0,0,0,0,0,0,0,,,
B,vn-x06-info-grad1,27,5,13,4,5,3,0,0,0,0,0,0,0,0,0,0,,,
B,vn-x06-info-grad1,28,6,15,3,7,4,0,0,0,0,0,0,0,0,0,0,,,
B,vn-x06-info-grad1,29,6,16,4,8,4,0,0,0,0,0,0,0,0,0,0,,,
B,vn-x06-info-grad1,30,7,16,3,8,5,0,0,0,0,0,0,0,0,0,0,30.03472222222222,0.3472222222222222,0.0
B,vn-x06-info-grad1,31,7,17,4,9,5,0,0,0,0,0,0,0,0,0,0,,,
B,vn-x06-info-grad1,32,8,17,3,9,6,0,0,0,0,0,0,0,0,0,0,,,
B,vn-x06-info-grad1,33,8,17,3,9,6,0,0,0,0,0,0,0,0,0,0,,,
B,vn-x06-info-grad1,34,8,17,3,9,6,0,0,0,0,0,0,0,0,0,0,,,
B,vn-x06-info-grad1,35,8,17,3,9,6,0,0,0,0,0,0,0,0,0,0,,,
B,vn-x06-info-grad1,36,8,17,3,9,6,0,0,0,0,0,0,0,0,0,0,,,
B,vn-x06-info-grad1,37,8,17,3,9,6,0,0,0,0,0,0,0,0,0,0,,,
B,vn-x06-info-grad1,38,8,17,3,9,6,0,0,0,0,0,0,0,0,0,0,,,
B,vn-x06-info-grad1,39,8,18,3,10,6,0,0,0,0,0,0,0,0,0,0,,,
B,vn-x06-info-grad1,40,8,18,3,10,6,0,0,0,0,0,0,0,0,0,0,30.03472222222222,0.0,0.0
B,vn-x06-info-grad1,41,8,18,3,10,6,0,0,0,0,0,0,0,0,0,0,,,
B,vn-x06-info-grad1,42,8,18,3,10,6,0,0,0,0,0,0,0,0,0,0,,,
B,vn-x06-info-grad1,43,8,18,3,10,6,0,0,0,0,0,0,0,0,0,0,,,
B,vn-x06-info-grad1,44,8,18,3,10,6,0,0,0,0,0,0,0,0,0,0,,,
B,vn-x06-info-grad1,45,8,18,3,10,6,0,0,0,0,0,0,0,0,0,0,,,
B,vn-x06-info-grad1,46,8,18,3,10,6,0,0,0,0,0,0,0,0,0,0,,,
B,vn-x06-info-grad1,47,8,18,3,10,6,0,0,0,0,0,0,0,0,0,0,,,
B,vn-x06-info-grad1,48,8,18,3,10,6,0,0,0,0,0,0,0,0,0,0,,,
B,vn-x06-info-grad1,49,8,18,3,10,6,0,0,0,0,0,0,0,0,0,0,,,
B,vn-x06-info-grad1,50,8,18,3,10,6,0,0,0,0,0,0,0,0,0,0,28.819444444444443,0.08680555555555555,0.0
B,vn-x06-info-grad1,51,8,18,3,10,6,0,0,0,0,0,0,0,0,0,0,,,
B,vn-x06-info-grad1,52,8,19,3,11,6,0,0,0,0,0,0,0,0,0,0,,,
B,vn-x06-info-grad1,53,8,19,3,11,6,0,0,0,0,0,0,0,0,0,0,,,
B,vn-x06-info-grad1,54,8,20,3,12,6,0,0,0,0,0,0,0,0,0,0,,,
B,vn-x06-info-grad1,55,8,20,3,12,6,0,0,0,0,0,0,0,0,0,0,,,
B,vn-x06-info-grad1,56,8,20,3,12,6,0,0,0,0,0,0,0,0,0,0,,,
B,vn-x06-info-grad1,57,8,20,3,12,6,0,0,0,0,0,0,0,0,0,0,,,
B,vn-x06-info-grad1,58,8,21,3,13,6,0,0,0,0,0,0,0,0,0,0,,,
B,vn-x06-info-grad1,59,8,21,3,13,6,0,0,0,0,0,0,0,0,0,0,,,
B,vn-x06-info-grad1,60,8,21,3,13,6,0,0,0,0,0,0,0,0,0,0,28.55902777777778,0.08680555555555555,0.0
B,vn-x06-info-grad1,61,8,21,3,13,6,0,0,0,0,0,0,0,0,0,0,,,
B,vn-x06-info-grad1,62,8,21,3,13,6,0,0,0,0,0,0,0,0,0,0,,,
B,vn-x06-info-grad1,63,8,22,3,14,6,0,0,0,0,0,0,0,0,0,0,,,
B,vn-x06-info-grad1,64,8,22,3,14,6,0,0,0,0,0,0,0,0,0,0,,,
B,vn-x06-info-grad1,65,8,23,4,15,6,0,0,0,0,0,0,0,0,0,0,,,
B,vn-x06-info-grad1,66,9,24,3,16,7,0,0,0,0,0,0,0,0,0,0,,,
B,vn-x06-info-grad1,67,9,24,3,16,7,0,0,0,0,0,0,0,0,0,0,,,
B,vn-x06-info-grad1,68,9,24,3,16,7,0,0,0,0,0,0,0,0,0,0,,,
B,vn-x06-info-grad1,69,9,24,3,16,7,0,0,0,0,0,0,0,0,0,0,,,
B,vn-x06-info-grad1,70,9,24,3,16,7,0,0,0,0,0,0,0,0,0,0,28.47222222222222,0.08680555555555555,0.0
B,vn-x06-info-grad1,71,9,24,3,16,7,0,0,0,0,0,0,0,0,0,0,,,
B,vn-x06-info-grad1,72,9,24,3,16,7,0,0,0,0,0,0,0,0,0,0,,,
B,vn-x06-info-grad1,73,9,24,3,16,7,0,0,0,0,0,0,0,0,0,0,,,
B,vn-x06-info-grad1,74,9,24,3,16,7,0,0,0,0,0,0,0,0,0,0,,,
B,vn-x06-info-grad1,75,9,24,3,16,7,0,0,0,0,0,0,0,0,0,0,,,
B,vn-x06-info-grad1,76,9,24,3,16,7,0,0,0,0,0,0,0,0,0,0,,,
B,vn-x06-info-grad1,77,9,24,3,16,7,0,0,0,0,0,0,0,0,0,0,,,
B,vn-x06-info-grad1,78,9,24,3,16,7,0,0,0,0,0,0,0,0,0,0,,,
B,vn-x06-info-grad1,79,9,24,3,16,7,0,0,0,0,0,0,0,0,0,0,,,
B,vn-x06-info-grad1,80,9,24,3,16,7,0,0,0,0,0,0,0,0,0,0,28.47222222222222,0.08680555555555555,0.0
B,vn-x06-info-grad1,81,9,24,3,16,7,0,0,0,0,0,0,0,0,0,0,,,
B,vn-x06-info-grad1,82,9,24,3,16,7,0,0,0,0,0,0,0,0,0,0,,,
B,vn-x06-info-grad1,83,9,24,3,16,7,0,0,0,0,0,0,0,0,0,0,,,
B,vn-x06-info-grad1,84,9,25,3,17,7,0,0,0,0,0,0,0,0,0,0,,,
B,vn-x06-info-grad1,85,9,26,4,18,7,0,0,0,0,0,0,0,0,0,0,,,
B,vn-x06-info-grad1,86,10,26,3,18,8,0,0,0,0,0,0,0,0,0,0,,,
B,vn-x06-info-grad1,87,10,28,4,20,8,0,0,0,0,0,0,0,0,0,0,,,
B,vn-x06-info-grad1,88,11,29,4,21,9,0,0,0,0,0,0,0,0,0,0,,,
B,vn-x06-info-grad1,89,10,27,5,22,9,1,0,0,0,0,1,0,0,0,0,,,
B,vn-x06-info-grad1,90,10,29,6,24,9,1,0,0,0,0,1,0,0,0,0,27.430555555555557,0.0,0.0
B,vn-x06-info-grad1,91,11,29,4,24,10,1,0,0,0,0,1,0,0,0,0,,,
B,vn-x06-info-grad1,92,12,31,4,26,11,1,0,0,0,0,1,0,0,0,0,,,
B,vn-x06-info-grad1,93,12,30,4,27,12,2,0,0,0,0,2,0,0,0,0,,,
B,vn-x06-info-grad1,94,12,30,4,27,12,2,0,0,0,0,2,0,0,0,0,,,
B,vn-x06-info-grad1,95,12,30,4,27,12,2,0,0,0,0,2,0,0,0,0,,,
B,vn-x06-info-grad1,96,13,31,3,28,13,2,0,0,0,0,2,0,0,0,0,,,
B,vn-x06-info-grad1,97,13,32,4,29,13,2,0,0,0,0,2,0,0,0,0,,,
B,vn-x06-info-grad1,98,13,35,5,32,13,2,0,0,0,0,2,0,0,0,0,,,
B,vn-x06-info-grad1,99,13,37,6,34,13,2,0,0,0,0,2,0,0,0,0,,,
B,vn-x06-info-grad1,100,14,38,4,35,14,2,0,0,0,0,2,0,0,0,0,28.211805555555557,0.0,0.0
B,vn-x06-info-grad1,101,16,40,4,37,16,2,0,0,0,0,2,0,0,0,0,,,
B,vn-x06-info-grad1,102,16,39,4,38,17,3,0,0,0,0,3,0,0,0,0,,,
B,vn-x06-info-grad1,103,16,39,4,38,17,3,0,0,0,0,3,0,0,0,0,,,
B,vn-x06-info-grad1,104,16,39,4,38,17,3,0,0,0,0,3,0,0,0,0,,,
B,vn-x06-info-grad1,105,17,40,3,39,18,3,0,0,0,0,3,0,0,0,0,,,
B,vn-x06-info-grad1,106,17,41,4,40,18,3,0,0,0,0,3,0,0,0,0,,,
B,vn-x06-info-grad1,107,17,42,5,41,18,3,0,0,0,0,3,0,0,0,0,,,
B,vn-x06-info-grad1,108,17,43,6,42,18,3,0,0,0,0,3,0,0,0,0,,,
B,vn-x06-info-grad1,109,18,44,4,43,19,3,0,0,0,0,3,0,0,0,0,,,
B,vn-x06-info-grad1,110,19,43,3,44,21,4,0,0,0,0,4,0,0,0,0,28.55902777777778,0.08680555555555555,0.0
B,vn-x06-info-grad1,111,18,43,4,46,21,5,0,0,0,0,5,0,0,0,0,,,
B,vn-x06-info-grad1,112,18,43,4,46,21,5,0,0,0,0,5,0,0,0,0,,,
B,vn-x06-info-grad1,113,18,43,4,46,21,5,0,0,0,0,5,0,0,0,0,,,
B,vn-x06-info-grad1,114,19,45,4,48,22,5,0,0,0,0,5,0,0,0,0,,,
B,vn-x06-info-grad1,115,20,46,4,49,23,5,0,0,0,0,5,0,0,0,0,,,
B,vn-x06-info-grad1,116,20,47,5,50,23,5,0,0,0,0,5,0,0,0,0,,,
B,vn-x06-info-grad1,117,20,48,6,51,23,5,0,0,0,0,5,0,0,0,0,,,
B,vn-x06-info-grad1,118,21,48,4,51,24,5,0,0,0,0,5,0,0,0,0,,,
B,vn-x06-info-grad1,119,22,49,3,52,25,5,0,0,0,0,5,0,0,0,0,,,
B,vn-x06-info-grad1,120,21,48,4,53,25,6,0,0,0,0,6,0,0,0,0,28.55902777777778,0.08680555555555555,0.0
B,vn-x06-info-grad1,121,21,49,4,54,25,6,0,0,0,0,6,0,0,0,0,,,
B,vn-x06-info-grad1,122,21,51,4,56,25,6,0,0,0,0,6,0,0,0,0,,,
B,vn-x06-info-grad1,123,22,53,4,58,26,6,0,0,0,0,6,0,0,0,0,,,
B,vn-x06-info-grad1,124,23,55,4,60,27,6,0,0,0,0,6,0,0,0,0,,,
B,vn-x06-info-grad1,125,24,56,5,61,28,6,0,0,0,0,6,0,0,0,0,,,
B,vn-x06-info-grad1,126,24,57,6,62,28,6,0,0,0,0,6,0,0,0,0,,,
B,vn-x06-info-grad1,127,25,57,4,62,29,6,0,0,0,0,6,0,0,0,0,,,
B,vn-x06-info-grad1,128,26,58,3,63,30,6,0,0,0,0,6,0,0,0,0,,,
B,vn-x06-info-grad1,129,25,57,4,64,30,7,0,0,0,0,7,0,0,0,0,,,
B,vn-x06-info-grad1,130,25,59,4,66,30,7,0,0,0,0,7,0,0,0,0,28.55902777777778,0.08680555555555555,0.0
B,vn-x06-info-grad1,131,26,59,4,66,31,7,0,0,0,0,7,0,0,0,0,,,
B,vn-x06-info-grad1,132,26,59,3,68,32,8,0,0,0,0,8,0,0,0,0,,,
B,vn-x06-info-grad1,133,26,62,4,71,32,8,0,0,0,0,8,0,0,0,0,,,
B,vn-x06-info-grad1,134,27,63,5,72,33,8,0,0,0,0,8,0,0,0,0,,,
B,vn-x06-info-grad1,135,27,64,6,73,33,8,0,0,0,0,8,0,0,0,0,,,
B,vn-x06-info-grad1,136,28,64,4,73,34,8,0,0,0,0,8,0,0,0,0,,,
B,vn-x06-info-grad1,137,29,65,3,74,35,8,0,0,0,0,8,0,0,0,0,,,
B,vn-x06-info-grad1,138,28,64,4,75,35,9,0,0,0,0,9,0,0,0,0,,,
B,vn-x06-info-grad1,139,28,65,4,76,35,9,0,0,0,0,9,0,0,0,0,,,
B,vn-x06-info-grad1,140,28,65,4,76,35,9,0,0,0,0,9,0,0,0,0,29.774305555555557,0.1736111111111111,0.0
B,vn-x06-info-grad1,141,29,67,3,78,36,9,0,0,0,0,9,0,0,0,0,,,
B,vn-x06-info-grad1,142,29,69,4,80,36,9,0,0,0,0,9,0,0,0,0,,,
B,vn-x06-info-grad1,143,29,70,5,81,36,9,0,0,0,0,9,0,0,0,0,,,
B,vn-x06-info-grad1,144,29,71,6,82,36,9,0,0,0,0,9,0,0,0,0,,,
B,vn-x06-info-grad1,145,30,73,4,84,37,9,0,0,0,0,9,0,0,0,0,,,
B,vn-x06-info-grad1,146,32,75,3,86,39,9,0,0,0,0,9,0,0,0,0,,,
B,vn-x06-info-grad1,147,29,70,4,88,39,12,0,0,1,0,11,0,0,0,0,,,
B,vn-x06-info-grad1,148,29,73,4,91,39,12,0,0,1,0,11,0,0,0,0,,,
B,vn-x06-info-grad1,149,31,74,4,92,41,12,0,0,1,0,11,0,0,0,0,,,
B,vn-x06-info-grad1,150,32,74,4,95,43,13,0,0,1,1,11,0,0,0,0,29.34027777777778,0.0,0.0
B,vn-x06-info-grad1,151,33,76,4,97,44,13,0,0,1,1,11,0,0,0,0,,,
B,vn-x06-info-grad1,152,31,72,5,99,45,16,0,0,1,3,12,0,0,0,0,,,
B,vn-x06-info-grad1,153,30,72,6,102,45,17,0,0,2,3,12,0,0,0,0,,,
B,vn-x06-info-grad1,154,32,73,4,103,47,17,0,0,2,3,12,0,0,0,0,,,
B,vn-x06-info-grad1,155,33,74,3,104,48,17,0,0,2,3,12,0,0,0,0,,,
B,vn-x06-info-grad1,156,32,74,4,106,48,18,0,0,2,3,13,0,0,0,0,,,
B,vn-x06-info-grad1,157,32,75,4,107,48,18,0,0,2,3,13,0,0,0,0,,,
B,vn-x06-info-grad1,158,32,75,4,107,48,18,0,0,2,3,13,0,0,0,0,,,
B,vn-x06-info-grad1,159,33,77,3,109,49,18,0,0,2,3,13,0,0,0,0,,,
B,vn-x06-info-grad1,160,33,78,4,110,49,18,0,0,2,3,13,0,0,0,0,33.420138888888886,0.6076388888888888,0.0
B,vn-x06-info-grad1,161,32,77,5,112,49,19,0,0,2,3,14,0,0,0,0,,,
B,vn-x06-info-grad1,162,33,79,6,114,50,19,0,0,2,3,14,0,0,0,0,,,
B,vn-x06-info-grad1,163,34,81,4,116,51,19,0,0,2,3,14,0,0,0,0,,,
B,vn-x06-info-grad1,164,34,81,3,118,52,20,0,0,2,4,14,0,0,0,0,,,
B,vn-x06-info-grad1,165,31,75,4,120,52,23,0,0,3,4,16,0,0,0,0,,,
B,vn-x06-info-grad1,166,30,72,4,120,52,24,0,0,3,5,16,0,0,0,0,,,
B,vn-x06-info-grad1,167,30,77,4,125,52,24,0,0,3,5,16,0,0,0,0,,,
B,vn-x06-info-grad1,168,34,79,4,127,56,24,0,0,3,5,16,0,0,0,0,,,
B,vn-x06-info-grad1,169,34,78,4,128,57,25,0,0,4,5,16,0,0,0,0,,,
B,vn-x06-info-grad1,170,32,75,5,130,57,27,0,0,4,5,18,0,0,0,0,37.326388888888886,0.6076388888888888,0.0
B,vn-x06-info-grad1,171,31,77,6,135,57,28,0,0,4,5,19,0,0,0,0,,,
B,vn-x06-info-grad1,172,34,78,4,136,60,28,0,0,4,5,19,0,0,0,0,,,
B,vn-x06-info-grad1,173,33,76,4,138,61,30,0,0,4,6,20,0,0,0,0,,,
B,vn-x06-info-grad1,174,32,75,4,141,62,32,0,0,4,6,22,0,0,0,0,,,
B,vn-x06-info-grad1,175,33,76,4,142,63,32,0,0,4,6,22,0,0,0,0,,,
B,vn-x06-info-grad1,176,33,77,4,143,63,32,0,0,4,6,22,0,0,0,0,,,
B,vn-x06-info-grad1,177,35,77,3,145,66,33,0,0,4,6,23,0,0,0,0,,,
B,vn-x06-info-grad1,178,35,80,4,148,66,33,0,0,4,6,23,0,0,0,0,,,
B,vn-x06-info-grad1,179,35,81,5,149,66,33,0,0,4,6,23,0,0,0,0,,,
B,vn-x06-info-grad1,180,34,79,6,150,66,34,0,0,4,7,23,0,0,0,0,33.59375,1.9965277777777777,0.0
B,vn-x06-info-grad1,181,32,73,4,151,67,37,1,0,6,7,24,0,0,0,0,,,
B,vn-x06-info-grad1,182,34,76,3,154,69,37,1,0,6,7,24,0,0,0,0,,,
B,vn-x06-info-grad1,183,33,76,4,156,69,38,1,0,6,7,25,0,0,0,0,,,
B,vn-x06-info-grad1,184,33,76,4,156,69,38,1,0,6,7,25,0,0,0,0,,,
B,vn-x06-info-grad1,185,33,76,4,156,69,38,1,0,6,7,25,0,0,0,0,,,
B,vn-x06-info-grad1,186,34,78,3,158,70,38,1,0,6,7,25,0,0,0,0,,,
B,vn-x06-info-grad1,187,34,80,4,160,70,38,1,0,6,7,25,0,0,0,0,,,
B,vn-x06-info-grad1,188,34,82,5,162,70,38,1,0,6,7,25,0,0,0,0,,,
B,vn-x06-info-grad1,189,34,81,6,164,71,39,1,0,7,7,25,0,0,0,0,,,
B,vn-x06-info-grad1,190,35,82,4,165,72,39,1,0,7,7,25,0,0,0,0,36.37152777777778,1.9965277777777777,0.0
B,vn-x06-info-grad1,191,35,81,3,166,73,40,1,0,7,7,26,0,0,0,0,,,
B,vn-x06-info-grad1,192,33,80,4,169,73,42,2,1,7,7,27,0,0,0,0,,,
B,vn-x06-info-grad1,193,34,80,4,169,74,42,2,1,7,7,27,0,0,0,0,,,
B,vn-x06-info-grad1,194,34,81,4,170,74,42,2,1,7,7,27,0,0,0,0,,,
B,vn-x06-info-grad1,195,36,82,3,171,76,42,2,1,7,7,27,0,0,0,0,,,
B,vn-x06-info-grad1,196,36,83,4,172,76,42,2,1,7,7,27,0,0,0,0,,,
B,vn-x06-info-grad1,197,36,85,5,174,76,42,2,1,7,7,27,0,0,0,0,,,
B,vn-x06-info-grad1,198,35,83,6,175,76,43,3,2,7,7,27,0,0,0,0,,,
B,vn-x06-info-grad1,199,36,83,4,175,77,43,3,2,7,7,27,0,0,0,0,,,
B,vn-x06-info-grad1,200,36,83,3,177,78,44,3,2,8,7,27,0,0,0,0,42.708333333333336,1.9965277777777777,0.0
B,vn-x06-info-grad1,201,35,82,4,178,78,45,3,2,8,7,28,0,0,0,0,,,
B,vn-x06-info-grad1,202,35,82,4,178,78,45,3,2,8,7,28,0,0,0,0,,,
B,vn-x06-info-grad1,203,34,80,4,178,78,46,3,2,8,8,28,0,0,0,0,,,
B,vn-x06-info-grad1,204,34,83,4,184,79,47,3,2,9,8,28,0,0,0,0,,,
B,vn-x06-info-grad1,205,35,81,4,185,81,48,3,2,9,8,29,0,0,0,0,,,
B,vn-x06-info-grad1,206,33,80,5,189,81,50,3,2,10,8,30,0,0,0,0,,,
B,vn-x06-info-grad1,207,33,78,6,192,83,52,3,2,11,9,30,0,0,0,0,,,
B,vn-x06-info-grad1,208,36,80,4,194,86,52,3,2,11,9,30,0,0,0,0,,,
B,vn-x06-info-grad1,209,34,79,4,200,87,55,4,3,12,9,31,0,0,0,0,,,
B,vn-x06-info-grad1,210,32,76,4,204,88,58,4,3,13,9,33,0,0,0,0,43.31597222222222,1.6493055555555556,0.0
B,vn-x06-info-grad1,211,32,78,4,206,88,58,4,3,13,9,33,0,0,0,0,,,
B,vn-x06-info-grad1,212,33,80,4,208,89,58,4,3,13,9,33,0,0,0,0,,,
B,vn-x06-info-grad1,213,36,79,3,209,93,59,4,3,14,9,33,0,0,0,0,,,
B,vn-x06-info-grad1,214,34,78,4,213,93,61,4,3,15,10,33,0,0,0,0,,,
B,vn-x06-info-grad1,215,33,79,5,216,93,62,4,3,15,11,33,0,0,0,0,,,
B,vn-x06-info-grad1,216,34,78,6,217,95,63,4,3,15,11,34,0,0,0,0,,,
B,vn-x06-info-grad1,217,35,79,4,218,96,63,4,3,15,11,34,0,0,0,0,,,
B,vn-x06-info-grad1,218,36,80,3,219,97,63,4,3,15,11,34,0,0,0,0,,,
B,vn-x06-info-grad1,219,35,80,4,221,97,64,4,3,15,11,35,0,0,0,0,,,
B,vn-x06-info-grad1,220,36,80,4,221,98,64,4,3,15,11,35,0,0,0,0,40.451388888888886,2.6909722222222223,0.0
B,vn-x06-info-grad1,221,36,80,4,221,98,64,4,3,15,11,35,0,0,0,0,,,
B,vn-x06-info-grad1,222,37,81,3,222,99,64,4,3,15,11,35,0,0,0,0,,,
B,vn-x06-info-grad1,223,35,79,4,225,99,66,4,3,15,12,36,0,0,0,0,,,
B,vn-x06-info-grad1,224,35,81,5,227,99,66,4,3,15,12,36,0,0,0,0,,,
B,vn-x06-info-grad1,225,35,82,6,228,99,66,4,3,15,12,36,0,0,0,0,,,
B,vn-x06-info-grad1,226,36,82,4,228,100,66,4,3,15,12,36,0,0,0,0,,,
B,vn-x06-info-grad1,227,37,83,3,229,101,66,4,3,15,12,36,0,0,0,0,,,
B,vn-x06-info-grad1,228,35,81,4,231,101,68,4,3,15,12,38,0,0,0,0,,,
B,vn-x06-info-grad1,229,33,78,4,232,101,70,4,4,15,12,39,0,0,0,0,,,
B,vn-x06-info-grad1,230,33,80,4,234,101,70,4,4,15,12,39,0,0,0,0,44.357638888888886,1.3888888888888888,0.0
B,vn-x06-info-grad1,231,34,79,3,236,103,71,5,5,15,12,39,0,0,0,0,,,
B,vn-x06-info-grad1,232,32,75,4,237,103,73,5,5,15,12,41,0,0,0,0,,,
B,vn-x06-info-grad1,233,32,76,5,238,103,73,5,5,15,12,41,0,0,0,0,,,
B,vn-x06-info-grad1,234,32,79,6,241,103,73,5,5,15,12,41,0,0,0,0,,,
B,vn-x06-info-grad1,235,33,79,4,243,105,74,5,5,15,13,41,0,0,0,0,,,
B,vn-x06-info-grad1,236,33,79,4,245,106,75,6,6,15,13,41,0,0,0,0,,,
B,vn-x06-info-grad1,237,33,79,4,247,107,76,6,6,15,13,42,0,0,0,0,,,
B,vn-x06-info-grad1,238,33,79,4,249,108,77,6,6,15,14,42,0,0,0,0,,,
B,vn-x06-info-grad1,239,32,78,4,250,108,78,6,6,15,15,42,0,0,0,0,,,
B,vn-x06-info-grad1,240,33,79,3,251,109,78,6,6,15,15,42,0,0,0,0,47.30902777777778,4.166666666666667,0.0
B,vn-x06-info-grad1,241,33,80,4,252,109,78,6,6,15,15,42,0,0,0,0,,,
B,vn-x06-info-grad1,242,32,82,5,256,109,79,6,6,16,15,42,0,0,0,0,,,
B,vn-x06-info-grad1,243,32,82,6,258,110,80,7,7,16,15,42,0,0,0,0,,,
B,vn-x06-info-grad1,244,34,82,4,258,112,80,7,7,16,15,42,0,0,0,0,,,
B,vn-x06-info-grad1,245,35,84,4,260,113,80,7,7,16,15,42,0,0,0,0,,,
B,vn-x06-info-grad1,246,34,81,4,261,114,82,7,7,16,16,43,0,0,0,0,,,
B,vn-x06-info-grad1,247,33,80,4,262,114,83,7,7,16,17,43,0,0,0,0,,,
B,vn-x06-info-grad1,248,32,78,4,263,114,84,7,7,17,17,43,0,0,0,0,,,
B,vn-x06-info-grad1,249,34,81,4,266,116,84,7,7,17,17,43,0,0,0,0,,,
B,vn-x06-info-grad1,250,35,83,4,268,117,84,7,7,17,17,43,0,0,0,0,46.09375,1.1284722222222223,0.0
B,vn-x06-info-grad1,251,36,86,5,271,118,84,7,7,17,17,43,0,0,0,0,,,
B,vn-x06-info-grad1,252,35,86,6,273,118,85,7,7,17,18,43,0,0,0,0,,,
B,vn-x06-info-grad1,253,38,87,4,274,121,85,7,7,17,18,43,0,0,0,0,,,
B,vn-x06-info-grad1,254,39,88,3,275,122,85,7,7,17,18,43,0,0,0,0,,,
B,vn-x06-info-grad1,255,36,85,4,278,122,88,7,7,17,19,45,0,0,0,0,,,
B,vn-x06-info-grad1,256,37,87,4,280,123,88,7,7,17,19,45,0,0,0,0,,,
B,vn-x06-info-grad1,257,37,88,4,281,123,88,7,7,17,19,45,0,0,0,0,,,
B,vn-x06-info-grad1,258,37,88,4,283,124,89,7,7,17,20,45,0,0,0,0,,,
B,vn-x06-info-grad1,259,37,89,4,286,125,90,7,7,18,20,45,0,0,0,0,,,
B,vn-x06-info-grad1,260,38,91,5,288,126,90,7,7,18,20,45,0,0,0,0,38.97569444444444,5.902777777777778,0.0
B,vn-x06-info-grad1,261,38,91,6,289,126,90,7,7,18,20,45,0,0,0,0,,,
B,vn-x06-info-grad1,262,38,90,4,290,127,91,7,7,18,21,45,0,0,0,0,,,
B,vn-x06-info-grad1,263,37,87,3,293,129,94,7,7,18,23,46,0,0,0,0,,,
B,vn-x06-info-grad1,264,35,87,4,298,129,96,7,7,18,24,47,0,0,0,0,,,
B,vn-x06-info-grad1,265,38,90,4,301,132,96,7,7,18,24,47,0,0,0,0,,,
B,vn-x06-info-grad1,266,36,85,4,301,132,98,8,8,18,25,47,0,0,0,0,,,
B,vn-x06-info-grad1,267,36,85,3,303,133,99,8,9,18,25,47,0,0,0,0,,,
B,vn-x06-info-grad1,268,36,86,4,304,133,99,8,9,18,25,47,0,0,0,0,,,
B,vn-x06-info-grad1,269,36,88,5,306,133,99,8,9,18,25,47,0,0,0,0,,,
B,vn-x06-info-grad1,270,36,89,6,307,133,99,8,9,18,25,47,0,0,0,0,44.87847222222222,3.125,0.0
B,vn-x06-info-grad1,271,37,91,4,309,134,99,8,9,18,25,47,0,0,0,0,,,
B,vn-x06-info-grad1,272,38,88,3,310,137,101,8,9,20,25,47,0,0,0,0,,,
B,vn-x06-info-grad1,273,36,85,4,311,137,103,9,10,20,25,48,0,0,0,0,,,
B,vn-x06-info-grad1,274,36,85,4,311,137,103,9,10,20,25,48,0,0,0,0,,,
B,vn-x06-info-grad1,275,36,85,4,311,137,103,9,10,20,25,48,0,0,0,0,,,
B,vn-x06-info-grad1,276,37,86,3,312,138,103,9,10,20,25,48,0,0,0,0,,,
B,vn-x06-info-grad1,277,37,89,4,315,138,103,9,10,20,25,48,0,0,0,0,,,
B,vn-x06-info-grad1,278,38,90,5,316,139,103,9,10,20,25,48,0,0,0,0,,,
B,vn-x06-info-grad1,279,38,93,6,319,139,103,9,10,20,25,48,0,0,0,0,,,
B,vn-x06-info-grad1,280,37,92,4,323,140,105,9,10,21,25,49,0,0,0,0,43.576388888888886,3.3854166666666665,0.0
B,vn-x06-info-grad1,281,38,92,4,326,142,106,9,10,22,25,49,0,0,0,0,,,
B,vn-x06-info-grad1,282,39,91,4,327,144,107,9,10,22,25,50,0,0,0,0,,,
B,vn-x06-info-grad1,283,39,92,4,328,144,107,9,10,22,25,50,0,0,0,0,,,
B,vn-x06-info-grad1,284,39,92,4,328,144,107,9,10,22,25,50,0,0,0,0,,,
B,vn-x06-info-grad1,285,39,91,4,330,145,108,9,10,22,26,50,0,0,0,0,,,
B,vn-x06-info-grad1,286,39,91,4,332,146,109,9,10,22,26,51,0,0,0,0,,,
B,vn-x06-info-grad1,287,40,94,5,335,147,109,9,10,22,26,51,0,0,0,0,,,
B,vn-x06-info-grad1,288,40,96,6,337,147,109,9,10,22,26,51,0,0,0,0,,,
B,vn-x06-info-grad1,289,41,97,4,338,148,109,9,10,22,26,51,0,0,0,0,,,
B,vn-x06-info-grad1,290,41,95,3,340,149,110,9,10,23,26,51,0,0,0,0,41.75347222222222,2.4305555555555554,0.0
B,vn-x06-info-grad1,291,39,93,4,342,149,112,9,10,24,26,52,0,0,0,0,,,
B,vn-x06-info-grad1,292,37,90,4,343,149,114,9,10,24,27,53,0,0,0,0,,,
B,vn-x06-info-grad1,293,36,88,4,344,149,115,10,11,24,27,53,0,0,0,0,,,
B,vn-x06-info-grad1,294,37,91,4,347,150,115,10,11,24,27,53,0,0,0,0,,,
B,vn-x06-info-grad1,295,39,92,4,348,152,115,10,11,24,27,53,0,0,0,0,,,
B,vn-x06-info-grad1,296,39,94,5,350,152,115,10,11,24,27,53,0,0,0,0,,,
B,vn-x06-info-grad1,297,39,95,6,351,152,115,10,11,24,27,53,0,0,0,0,,,
B,vn-x06-info-grad1,298,40,96,4,352,153,115,10,11,24,27,53,0,0,0,0,,,
B,vn-x06-info-grad1,299,40,96,4,354,154,116,10,11,24,27,54,0,0,0,0,,,
B,vn-x06-info-grad1,300,39,94,4,354,154,117,10,12,24,27,54,0,0,0,0,33.854166666666664,2.517361111111111,0.0
B,vn-x06-info-grad1,301,39,94,4,354,154,117,10,12,24,27,54,0,0,0,0,,,
B,vn-x06-info-grad1,302,38,92,4,354,154,118,10,12,24,27,55,0,0,0,0,,,
B,vn-x06-info-grad1,303,38,94,4,356,154,118,10,12,24,27,55,0,0,0,0,,,
B,vn-x06-info-grad1,304,38,92,5,357,155,119,10,12,24,27,56,0,0,0,0,,,
B,vn-x06-info-grad1,305,36,88,5,358,155,121,10,12,26,27,56,0,0,0,0,,,
B,vn-x06-info-grad1,306,36,89,5,359,155,121,10,12,26,27,56,0,0,0,0,,,
B,vn-x06-info-grad1,307,35,88,5,360,155,122,10,12,26,28,56,0,0,0,0,,,
B,vn-x06-info-grad1,308,36,89,5,361,156,122,10,12,26,28,56,0,0,0,0,,,
B,vn-x06-info-grad1,309,35,88,6,362,156,123,10,12,27,28,56,0,0,0,0,,,
B,vn-x06-info-grad1,310,35,89,7,363,156,123,10,12,27,28,56,0,0,0,0,36.71875,3.0381944444444446,0.0
B,vn-x06-info-grad1,311,35,89,7,363,156,123,10,12,27,28,56,0,0,0,0,,,
B,vn-x06-info-grad1,312,35,90,7,364,156,123,10,12,27,28,56,0,0,0,0,,,
B,vn-x06-info-grad1,313,33,85,7,364,156,125,10,12,27,29,57,0,0,0,0,,,
B,vn-x06-info-grad1,314,33,87,7,366,156,125,10,12,27,29,57,0,0,0,0,,,
B,vn-x06-info-grad1,315,33,87,7,366,156,125,10,12,27,29,57,0,0,0,0,,,
B,vn-x06-info-grad1,316,33,87,7,366,156,125,10,12,27,29,57,0,0,0,0,,,
B,vn-x06-info-grad1,317,32,85,7,366,156,126,10,13,27,29,57,0,0,0,0,,,
B,vn-x06-info-grad1,318,32,85,7,366,156,126,10,13,27,29,57,0,0,0,0,,,
B,vn-x06-info-grad1,319,32,86,7,367,156,126,10,13,27,29,57,0,0,0,0,,,
B,vn-x06-info-grad1,320,33,86,7,367,157,126,10,13,27,29,57,0,0,0,0,34.635416666666664,2.4305555555555554,0.0
B,vn-x06-info-grad1,321,32,86,7,369,157,127,10,13,27,29,58,0,0,0,0,,,
B,vn-x06-info-grad1,322,30,82,7,371,157,129,10,13,28,30,58,0,0,0,0,,,
B,vn-x06-info-grad1,323,31,85,7,374,158,129,10,13,28,30,58,0,0,0,0,,,
B,vn-x06-info-grad1,324,31,80,7,374,160,131,11,14,28,31,58,0,0,0,0,,,
B,vn-x06-info-grad1,325,31,77,7,374,161,132,11,14,29,31,58,0,0,0,0,,,
B,vn-x06-info-grad1,326,31,79,7,376,161,132,11,14,29,31,58,0,0,0,0,,,
B,vn-x06-info-grad1,327,31,79,7,376,161,132,11,14,29,31,58,0,0,0,0,,,
B,vn-x06-info-grad1,328,31,80,7,377,161,132,11,14,29,31,58,0,0,0,0,,,
B,vn-x06-info-grad1,329,31,79,7,379,162,133,11,14,30,31,58,0,0,0,0,,,
B,vn-x06-info-grad1,330,31,77,7,379,163,134,11,14,30,31,59,0,0,0,0,36.02430555555556,0.8680555555555556,0.0
B,vn-x06-info-grad1,331,31,79,7,381,163,134,11,14,30,31,59,0,0,0,0,,,
B,vn-x06-info-grad1,332,30,80,7,384,163,135,11,14,30,31,60,0,0,0,0,,,
B,vn-x06-info-grad1,333,30,78,7,385,164,136,11,14,30,31,61,0,0,0,0,,,
B,vn-x06-info-grad1,334,30,78,7,386,164,136,11,14,30,31,61,0,0,0,0,,,
B,vn-x06-info-grad1,335,30,77,7,386,164,136,11,14,30,31,61,0,0,0,0,,,
B,vn-x06-info-grad1,336,29,76,7,387,164,137,11,14,30,31,62,0,0,0,0,,,
B,vn-x06-info-grad1,337,29,76,7,387,164,137,11,14,30,31,62,0,0,0,0,,,
B,vn-x06-info-grad1,338,28,73,7,387,164,138,11,14,30,32,62,0,0,0,0,,,
B,vn-x06-info-grad1,339,25,64,7,388,164,141,12,15,31,32,63,0,0,0,0,,,
B,vn-x06-info-grad1,340,24,62,8,390,164,142,13,16,31,32,63,0,0,0,0,31.770833333333332,0.3472222222222222,0.0
B,vn-x06-info-grad1,341,24,62,9,392,165,143,13,16,31,33,63,0,0,0,0,,,
B,vn-x06-info-grad1,342,24,62,9,392,165,143,13,16,31,33,63,0,0,0,0,,,
B,vn-x06-info-grad1,343,25,64,9,394,166,143,13,16,31,33,63,0,0,0,0,,,
B,vn-x06-info-grad1,344,25,65,9,395,166,143,13,16,31,33,63,0,0,0,0,,,
B,vn-x06-info-grad1,345,25,64,9,397,167,144,13,16,31,33,64,0,0,0,0,,,
B,vn-x06-info-grad1,346,26,66,9,399,168,144,13,16,31,33,64,0,0,0,0,,,
B,vn-x06-info-grad1,347,26,65,9,400,169,145,13,16,31,33,65,0,0,0,0,,,
B,vn-x06-info-grad1,348,25,66,9,403,169,146,13,16,31,34,65,0,0,0,0,,,
B,vn-x06-info-grad1,349,25,69,9,408,170,147,13,16,31,34,66,0,0,0,0,,,
B,vn-x06-info-grad1,350,25,67,10,409,171,148,13,16,31,35,66,0,0,0,0,30.12152777777778,0.78125,0.0
B,vn-x06-info-grad1,351,26,69,10,411,172,148,13,16,31,35,66,0,0,0,0,,,
B,vn-x06-info-grad1,352,25,68,10,412,172,149,13,16,31,35,67,0,0,0,0,,,
B,vn-x06-info-grad1,353,26,69,10,413,173,149,13,16,31,35,67,0,0,0,0,,,
B,vn-x06-info-grad1,354,26,69,10,413,173,149,13,16,31,35,67,0,0,0,0,,,
B,vn-x06-info-grad1,355,27,70,10,414,174,149,13,16,31,35,67,0,0,0,0,,,
B,vn-x06-info-grad1,356,27,71,10,415,174,149,13,16,31,35,67,0,0,0,0,,,
B,vn-x06-info-grad1,357,27,72,10,416,174,149,13,16,31,35,67,0,0,0,0,,,
B,vn-x06-info-grad1,358,27,74,11,418,174,149,13,16,31,35,67,0,0,0,0,,,
B,vn-x06-info-grad1,359,28,74,11,418,175,149,13,16,31,35,67,0,0,0,0,,,
B,vn-x06-info-grad1,360,27,71,11,420,176,151,13,16,33,35,67,0,0,0,0,30.555555555555557,0.78125,0.0
B,vn-x06-info-grad1,361,27,71,12,422,177,152,13,16,33,35,68,0,0,0,0,,,
B,vn-x06-info-grad1,362,26,70,12,423,177,153,13,16,33,36,68,0,0,0,0,,,
B,vn-x06-info-grad1,363,27,71,12,424,178,153,13,16,33,36,68,0,0,0,0,,,
B,vn-x06-info-grad1,364,28,73,13,426,179,153,13,16,33,36,68,0,0,0,0,,,
B,vn-x06-info-grad1,365,28,75,13,428,179,153,13,16,33,36,68,0,0,0,0,,,
B,vn-x06-info-grad1,366,28,77,13,430,179,153,13,16,33,36,68,0,0,0,0,,,
B,vn-x06-info-grad1,367,28,79,14,432,179,153,13,16,33,36,68,0,0,0,0,,,
B,vn-x06-info-grad1,368,30,80,14,433,181,153,13,16,33,36,68,0,0,0,0,,,
B,vn-x06-info-grad1,369,26,70,14,433,181,157,13,16,35,37,69,0,0,0,0,,,
B,vn-x06-info-grad1,370,26,72,14,435,181,157,13,16,35,37,69,0,0,0,0,30.555555555555557,0.6944444444444444,0.0
B,vn-x06-info-grad1,371,27,73,15,436,182,157,13,16,35,37,69,0,0,0,0,,,
B,vn-x06-info-grad1,372,27,73,15,436,182,157,13,16,35,37,69,0,0,0,0,,,
B,vn-x06-info-grad1,373,26,71,15,438,182,158,13,16,36,37,69,0,0,0,0,,,
B,vn-x06-info-grad1,374,27,71,15,438,183,158,13,16,36,37,69,0,0,0,0,,,
B,vn-x06-info-grad1,375,27,72,15,439,183,158,13,16,36,37,69,0,0,0,0,,,
B,vn-x06-info-grad1,376,26,70,15,439,183,159,13,16,36,37,70,0,0,0,0,,,
B,vn-x06-info-grad1,377,27,71,13,440,184,159,13,16,36,37,70,0,0,0,0,,,
B,vn-x06-info-grad1,378,27,69,13,440,185,160,13,16,37,37,70,0,0,0,0,,,
B,vn-x06-info-grad1,379,26,69,13,442,185,161,13,16,37,37,71,0,0,0,0,,,
B,vn-x06-info-grad1,380,27,70,13,443,186,161,13,16,37,37,71,0,0,0,0,34.548611111111114,0.5208333333333334,0.0
B,vn-x06-info-grad1,381,25,67,13,444,186,163,13,16,38,38,71,0,0,0,0,,,
B,vn-x06-info-grad1,382,25,67,13,444,186,163,13,16,38,38,71,0,0,0,0,,,
B,vn-x06-info-grad1,383,25,68,13,445,186,163,13,16,38,38,71,0,0,0,0,,,
B,vn-x06-info-grad1,384,26,69,11,446,187,163,13,16,38,38,71,0,0,0,0,,,
B,vn-x06-info-grad1,385,23,63,12,447,187,166,13,17,39,39,71,0,0,0,0,,,
B,vn-x06-info-grad1,386,23,65,12,449,187,166,13,17,39,39,71,0,0,0,0,,,
B,vn-x06-info-grad1,387,23,65,12,449,187,166,13,17,39,39,71,0,0,0,0,,,
B,vn-x06-info-grad1,388,22,64,13,451,187,167,13,17,39,39,72,0,0,0,0,,,
B,vn-x06-info-grad1,389,22,64,13,451,187,167,13,17,39,39,72,0,0,0,0,,,
B,vn-x06-info-grad1,390,22,65,14,452,187,167,13,17,39,39,72,0,0,0,0,36.892361111111114,0.08680555555555555,0.0
B,vn-x06-info-grad1,391,23,66,14,453,188,167,13,17,39,39,72,0,0,0,0,,,
B,vn-x06-info-grad1,392,22,66,14,455,188,168,13,17,39,39,73,0,0,0,0,,,
B,vn-x06-info-grad1,393,23,68,12,457,189,168,13,17,39,39,73,0,0,0,0,,,
B,vn-x06-info-grad1,394,23,68,12,457,189,168,13,17,39,39,73,0,0,0,0,,,
B,vn-x06-info-grad1,395,23,68,12,457,189,168,13,17,39,39,73,0,0,0,0,,,
B,vn-x06-info-grad1,396,23,68,12,457,189,168,13,17,39,39,73,0,0,0,0,,,
B,vn-x06-info-grad1,397,22,67,12,458,189,169,13,17,40,39,73,0,0,0,0,,,
B,vn-x06-info-grad1,398,22,68,12,459,189,169,13,17,40,39,73,0,0,0,0,,,
B,vn-x06-info-grad1,399,22,68,12,459,189,169,13,17,40,39,73,0,0,0,0,,,
B,vn-x06-info-grad1,400,23,68,12,459,190,169,13,17,40,39,73,0,0,0,0,31.25,0.0,0.0
B,vn-x06-info-grad1,401,22,66,12,459,190,170,13,17,41,39,73,0,0,0,0,,,
B,vn-x06-info-grad1,402,22,66,12,459,190,170,13,17,41,39,73,0,0,0,0,,,
B,vn-x06-info-grad1,403,22,67,12,460,190,170,13,17,41,39,73,0,0,0,0,,,
B,vn-x06-info-grad1,404,22,68,12,461,190,170,13,17,41,39,73,0,0,0,0,,,
B,vn-x06-info-grad1,405,21,65,12,461,190,171,13,18,41,39,73,0,0,0,0,,,
B,vn-x06-info-grad1,406,20,64,12,462,190,172,13,18,41,39,74,0,0,0,0,,,
B,vn-x06-info-grad1,407,20,66,12,464,190,172,13,18,41,39,74,0,0,0,0,,,
B,vn-x06-info-grad1,408,20,67,12,465,190,172,13,18,41,39,74,0,0,0,0,,,
B,vn-x06-info-grad1,409,21,67,12,465,191,172,13,18,41,39,74,0,0,0,0,,,
B,vn-x06-info-grad1,410,19,65,12,467,191,174,13,18,41,40,75,0,0,0,0,28.29861111111111,0.0,0.0
B,vn-x06-info-grad1,411,19,65,12,467,191,174,13,18,41,40,75,0,0,0,0,,,
B,vn-x06-info-grad1,412,19,65,12,467,191,174,13,18,41,40,75,0,0,0,0,,,
B,vn-x06-info-grad1,413,19,66,12,468,191,174,13,18,41,40,75,0,0,0,0,,,
B,vn-x06-info-grad1,414,19,67,12,469,191,174,13,18,41,40,75,0,0,0,0,,,
B,vn-x06-info-grad1,415,19,68,12,470,191,174,13,18,41,40,75,0,0,0,0,,,
B,vn-x06-info-grad1,416,19,68,12,470,191,174,13,18,41,40,75,0,0,0,0,,,
B,vn-x06-info-grad1,417,19,68,12,470,191,174,13,18,41,40,75,0,0,0,0,,,
B,vn-x06-info-grad1,418,15,56,12,470,191,178,13,18,41,43,76,0,0,0,0,,,
B,vn-x06-info-grad1,419,15,57,12,471,191,178,13,18,41,43,76,0,0,0,0,,,
B,vn-x06-info-grad1,420,15,59,13,473,191,178,13,18,41,43,76,0,0,0,0,31.59722222222222,0.08680555555555555,0.0
B,vn-x06-info-grad1,421,15,61,13,475,191,178,13,18,41,43,76,0,0,0,0,,,
B,vn-x06-info-grad1,422,14,58,13,475,191,179,13,18,41,44,76,0,0,0,0,,,
B,vn-x06-info-grad1,423,12,50,13,476,191,181,13,18,41,46,76,0,0,0,0,,,
B,vn-x06-info-grad1,424,11,48,14,479,191,182,13,18,41,47,76,0,0,0,0,,,
B,vn-x06-info-grad1,425,10,45,15,480,191,183,13,18,41,48,76,0,0,0,0,,,
B,vn-x06-info-grad1,426,9,38,15,480,191,184,13,18,41,49,76,0,0,0,0,,,
B,vn-x06-info-grad1,427,9,39,16,481,191,184,13,18,41,49,76,0,0,0,0,,,
B,vn-x06-info-grad1,428,8,31,16,481,191,185,13,18,41,50,76,0,0,0,0,,,
B,vn-x06-info-grad1,429,8,34,17,484,191,185,13,18,41,50,76,0,0,0,0,,,
B,vn-x06-info-grad1,430,8,35,17,485,191,185,13,18,41,50,76,0,0,0,0,38.020833333333336,0.2604166666666667,0.0
B,vn-x06-info-grad1,431,8,37,18,487,191,185,13,18,41,50,76,0,0,0,0,,,
B,vn-x06-info-grad1,432,8,37,18,487,191,185,13,18,41,50,76,0,0,0,0,,,
B,vn-x06-info-grad1,433,8,39,19,489,191,185,13,18,41,50,76,0,0,0,0,,,
B,vn-x06-info-grad1,434,8,40,19,490,191,185,13,18,41,50,76,0,0,0,0,,,
B,vn-x06-info-grad1,435,8,42,20,492,191,185,13,18,41,50,76,0,0,0,0,,,
B,vn-x06-info-grad1,436,8,42,20,492,191,185,13,18,41,50,76,0,0,0,0,,,
B,vn-x06-info-grad1,437,8,45,21,495,191,185,13,18,41,50,76,0,0,0,0,,,
B,vn-x06-info-grad1,438,7,37,21,495,191,186,13,18,41,51,76,0,0,0,0,,,
B,vn-x06-info-grad1,439,7,40,22,498,191,186,13,18,41,51,76,0,0,0,0,,,
B,vn-x06-info-grad1,440,7,43,23,501,191,186,13,18,41,51,76,0,0,0,0,40.71180555555556,0.0,0.0
B,vn-x06-info-grad1,441,7,43,23,501,191,186,13,18,41,51,76,0,0,0,0,,,
B,vn-x06-info-grad1,442,7,44,24,502,191,186,13,18,41,51,76,0,0,0,0,,,
B,vn-x06-info-grad1,443,7,47,25,505,191,186,13,18,41,51,76,0,0,0,0,,,
B,vn-x06-info-grad1,444,7,50,26,508,191,186,13,18,41,51,76,0,0,0,0,,,
B,vn-x06-info-grad1,445,7,50,26,508,191,186,13,18,41,51,76,0,0,0,0,,,
B,vn-x06-info-grad1,446,6,47,26,508,191,187,13,18,41,52,76,0,0,0,0,,,
B,vn-x06-info-grad1,447,5,46,27,509,191,188,13,18,41,53,76,0,0,0,0,,,
B,vn-x06-info-grad1,448,5,46,27,509,191,188,13,18,41,53,76,0,0,0,0,,,
B,vn-x06-info-grad1,449,5,48,28,511,191,188,13,18,41,53,76,0,0,0,0,,,
B,vn-x06-info-grad1,450,5,51,29,514,191,188,13,18,41,53,76,0,0,0,0,42.53472222222222,0.08680555555555555,0.0
B,vn-x06-info-grad1,451,5,53,29,516,191,188,13,18,41,53,76,0,0,0,0,,,
B,vn-x06-info-grad1,452,4,48,29,517,191,189,13,18,41,54,76,0,0,0,0,,,
B,vn-x06-info-grad1,453,4,49,29,518,191,189,13,18,41,54,76,0,0,0,0,,,
B,vn-x06-info-grad1,454,4,50,30,519,191,189,13,18,41,54,76,0,0,0,0,,,
B,vn-x06-info-grad1,455,4,51,31,520,191,189,13,18,41,54,76,0,0,0,0,,,
B,vn-x06-info-grad1,456,4,51,31,520,191,189,13,18,41,54,76,0,0,0,0,,,
B,vn-x06-info-grad1,457,3,47,32,521,191,190,13,18,41,55,76,0,0,0,0,,,
B,vn-x06-info-grad1,458,3,49,33,523,191,190,13,18,41,55,76,0,0,0,0,,,
B,vn-x06-info-grad1,459,3,50,34,524,191,190,13,18,41,55,76,0,0,0,0,,,
B,vn-x06-info-grad1,460,2,36,34,524,191,191,13,18,41,56,76,0,0,0,0,45.138888888888886,0.08680555555555555,0.0
B,vn-x06-info-grad1,461,2,37,35,525,191,191,13,18,41,56,76,0,0,0,0,,,
B,vn-x06-info-grad1,462,2,38,36,526,191,191,13,18,41,56,76,0,0,0,0,,,
B,vn-x06-info-grad1,463,2,39,37,527,191,191,13,18,41,56,76,0,0,0,0,,,
B,vn-x06-info-grad1,464,2,40,38,528,191,191,13,18,41,56,76,0,0,0,0,,,
B,vn-x06-info-grad1,465,2,40,38,528,191,191,13,18,41,56,76,0,0,0,0,,,
B,vn-x06-info-grad1,466,2,41,39,529,191,191,13,18,41,56,76,0,0,0,0,,,
B,vn-x06-info-grad1,467,2,41,39,529,191,191,13,18,41,56,76,0,0,0,0,,,
B,vn-x06-info-grad1,468,2,42,40,530,191,191,13,18,41,56,76,0,0,0,0,,,
B,vn-x06-info-grad1,469,2,42,40,530,191,191,13,18,41,56,76,0,0,0,0,,,
B,vn-x06-info-grad1,470,2,42,40,530,191,191,13,18,41,56,76,0,0,0,0,46.44097222222222,0.1736111111111111,0.0
B,vn-x06-info-grad1,471,2,42,40,530,191,191,13,18,41,56,76,0,0,0,0,,,
B,vn-x06-info-grad1,472,2,43,41,531,191,191,13,18,41,56,76,0,0,0,0,,,
B,vn-x06-info-grad1,473,2,43,41,531,191,191,13,18,41,56,76,0,0,0,0,,,
B,vn-x06-info-grad1,474,2,44,42,532,191,191,13,18,41,56,76,0,0,0,0,,,
B,vn-x06-info-grad1,475,2,44,42,532,191,191,13,18,41,56,76,0,0,0,0,,,
B,vn-x06-info-grad1,476,2,44,42,532,191,191,13,18,41,56,76,0,0,0,0,,,
B,vn-x06-info-grad1,477,2,44,42,532,191,191,13,18,41,56,76,0,0,0,0,,,
B,vn-x06-info-grad1,478,2,44,42,532,191,191,13,18,41,56,76,0,0,0,0,,,
B,vn-x06-info-grad1,479,2,44,42,532,191,191,13,18,41,56,76,0,0,0,0,,,
B,vn-x06-info-grad1,480,2,44,42,532,191,191,13,18,41,56,76,0,0,0,0,45.65972222222222,0.3472222222222222,0.0
B,vn-x06-info-grad1,481,2,44,42,532,191,191,13,18,41,56,76,0,0,0,0,,,
B,vn-x06-info-grad1,482,2,44,42,532,191,191,13,18,41,56,76,0,0,0,0,,,
B,vn-x06-info-grad1,483,2,44,42,532,191,191,13,18,41,56,76,0,0,0,0,,,
B,vn-x06-info-grad1,484,2,45,43,533,191,191,13,18,41,56,76,0,0,0,0,,,
B,vn-x06-info-grad1,485,2,45,43,533,191,191,13,18,41,56,76,0,0,0,0,,,
B,vn-x06-info-grad1,486,2,45,43,533,191,191,13,18,41,56,76,0,0,0,0,,,
B,vn-x06-info-grad1,487,2,46,44,534,191,191,13,18,41,56,76,0,0,0,0,,,
B,vn-x06-info-grad1,488,2,47,45,535,191,191,13,18,41,56,76,0,0,0,0,,,
B,vn-x06-info-grad1,489,2,48,46,536,191,191,13,18,41,56,76,0,0,0,0,,,
B,vn-x06-info-grad1,490,2,49,47,537,191,191,13,18,41,56,76,0,0,0,0,46.267361111111114,0.1736111111111111,0.0
B,vn-x06-info-grad1,491,2,49,47,537,191,191,13,18,41,56,76,0,0,0,0,,,
B,vn-x06-info-grad1,492,2,49,47,537,191,191,13,18,41,56,76,0,0,0,0,,,
B,vn-x06-info-grad1,493,2,50,48,538,191,191,13,18,41,56,76,0,0,0,0,,,
B,vn-x06-info-grad1,494,2,51,49,539,191,191,13,18,41,56,76,0,0,0,0,,,
B,vn-x06-info-grad1,495,2,52,50,540,191,191,13,18,41,56,76,0,0,0,0,,,
B,vn-x06-info-grad1,496,2,52,50,540,191,191,13,18,41,56,76,0,0,0,0,,,
B,vn-x06-info-grad1,497,2,52,50,540,191,191,13,18,41,56,76,0,0,0,0,,,
B,vn-x06-info-grad1,498,2,52,50,540,191,191,13,18,41,56,76,0,0,0,0,,,
B,vn-x06-info-grad1,499,2,52,50,540,191,191,13,18,41,56,76,0,0,0,0,,,
B,vn-x06-info-grad1,500,2,52,50,540,191,191,13,18,41,56,76,0,0,0,0,46.267361111111114,0.1736111111111111,0.0
