team,bot,round,units,total,longest,pearls,splits,deaths,enemy_kills,killed_by_enemy,team_kills,self_collisions,wall_deaths,invalid_action_deaths,suicides,tle,unattributed_collision_deaths,space_share,space_tied,space_unreachable
A,gavroche-v23-selective-sprint-cap,0,2,8,4,0,0,0,0,0,0,0,0,0,0,0,0,48.958333333333336,2.0833333333333335,0.0
A,gavroche-v23-selective-sprint-cap,1,4,8,2,0,2,0,0,0,0,0,0,0,0,0,0,,,
A,gavroche-v23-selective-sprint-cap,2,4,8,2,0,2,0,0,0,0,0,0,0,0,0,0,,,
A,gavroche-v23-selective-sprint-cap,3,4,8,2,0,2,0,0,0,0,0,0,0,0,0,0,,,
A,gavroche-v23-selective-sprint-cap,4,4,9,3,1,2,0,0,0,0,0,0,0,0,0,0,,,
A,gavroche-v23-selective-sprint-cap,5,4,9,3,1,2,0,0,0,0,0,0,0,0,0,0,,,
A,gavroche-v23-selective-sprint-cap,6,4,9,3,1,2,0,0,0,0,0,0,0,0,0,0,,,
A,gavroche-v23-selective-sprint-cap,7,4,9,3,1,2,0,0,0,0,0,0,0,0,0,0,,,
A,gavroche-v23-selective-sprint-cap,8,4,9,3,1,2,0,0,0,0,0,0,0,0,0,0,,,
A,gavroche-v23-selective-sprint-cap,9,4,9,3,1,2,0,0,0,0,0,0,0,0,0,0,,,
A,gavroche-v23-selective-sprint-cap,10,4,9,3,1,2,0,0,0,0,0,0,0,0,0,0,64.0625,1.1284722222222223,0.0
A,gavroche-v23-selective-sprint-cap,11,4,9,3,1,2,0,0,0,0,0,0,0,0,0,0,,,
A,gavroche-v23-selective-sprint-cap,12,4,9,3,1,2,0,0,0,0,0,0,0,0,0,0,,,
A,gavroche-v23-selective-sprint-cap,13,4,9,3,1,2,0,0,0,0,0,0,0,0,0,0,,,
A,gavroche-v23-selective-sprint-cap,14,4,9,3,1,2,0,0,0,0,0,0,0,0,0,0,,,
A,gavroche-v23-selective-sprint-cap,15,4,9,3,1,2,0,0,0,0,0,0,0,0,0,0,,,
A,gavroche-v23-selective-sprint-cap,16,4,9,3,1,2,0,0,0,0,0,0,0,0,0,0,,,
A,gavroche-v23-selective-sprint-cap,17,4,9,3,1,2,0,0,0,0,0,0,0,0,0,0,,,
A,gavroche-v23-selective-sprint-cap,18,4,9,3,1,2,0,0,0,0,0,0,0,0,0,0,,,
A,gavroche-v23-selective-sprint-cap,19,4,9,3,1,2,0,0,0,0,0,0,0,0,0,0,,,
A,gavroche-v23-selective-sprint-cap,20,4,10,3,2,2,0,0,0,0,0,0,0,0,0,0,69.01041666666667,0.2604166666666667,0.0
A,gavroche-v23-selective-sprint-cap,21,4,11,4,3,2,0,0,0,0,0,0,0,0,0,0,,,
A,gavroche-v23-selective-sprint-cap,22,5,12,3,4,3,0,0,0,0,0,0,0,0,0,0,,,
A,gavroche-v23-selective-sprint-cap,23,5,13,3,5,3,0,0,0,0,0,0,0,0,0,0,,,
A,gavroche-v23-selective-sprint-cap,24,5,14,4,6,3,0,0,0,0,0,0,0,0,0,0,,,
A,gavroche-v23-selective-sprint-cap,25,5,16,5,8,3,0,0,0,0,0,0,0,0,0,0,,,
A,gavroche-v23-selective-sprint-cap,26,6,17,6,9,4,0,0,0,0,0,0,0,0,0,0,,,
A,gavroche-v23-selective-sprint-cap,27,7,17,4,9,5,0,0,0,0,0,0,0,0,0,0,,,
A,gavroche-v23-selective-sprint-cap,28,8,19,3,11,6,0,0,0,0,0,0,0,0,0,0,,,
A,gavroche-v23-selective-sprint-cap,29,7,19,4,13,6,1,0,0,0,0,1,0,0,0,0,,,
A,gavroche-v23-selective-sprint-cap,30,8,20,4,14,7,1,0,0,0,0,1,0,0,0,0,65.19097222222223,0.0,0.0
A,gavroche-v23-selective-sprint-cap,31,9,21,4,15,8,1,0,0,0,0,1,0,0,0,0,,,
A,gavroche-v23-selective-sprint-cap,32,10,22,3,16,9,1,0,0,0,0,1,0,0,0,0,,,
A,gavroche-v23-selective-sprint-cap,33,10,24,4,18,9,1,0,0,0,0,1,0,0,0,0,,,
A,gavroche-v23-selective-sprint-cap,34,10,25,5,19,9,1,0,0,0,0,1,0,0,0,0,,,
A,gavroche-v23-selective-sprint-cap,35,10,28,6,22,9,1,0,0,0,0,1,0,0,0,0,,,
A,gavroche-v23-selective-sprint-cap,36,11,28,4,22,10,1,0,0,0,0,1,0,0,0,0,,,
A,gavroche-v23-selective-sprint-cap,37,12,29,3,23,11,1,0,0,0,0,1,0,0,0,0,,,
A,gavroche-v23-selective-sprint-cap,38,11,29,4,25,11,2,0,0,0,0,2,0,0,0,0,,,
A,gavroche-v23-selective-sprint-cap,39,11,32,4,28,11,2,0,0,0,0,2,0,0,0,0,,,
A,gavroche-v23-selective-sprint-cap,40,13,33,4,29,13,2,0,0,0,0,2,0,0,0,0,65.19097222222223,0.0,0.0
A,gavroche-v23-selective-sprint-cap,41,15,35,4,31,15,2,0,0,0,0,2,0,0,0,0,,,
A,gavroche-v23-selective-sprint-cap,42,16,36,4,32,16,2,0,0,0,0,2,0,0,0,0,,,
A,gavroche-v23-selective-sprint-cap,43,16,37,5,33,16,2,0,0,0,0,2,0,0,0,0,,,
A,gavroche-v23-selective-sprint-cap,44,16,39,6,35,16,2,0,0,0,0,2,0,0,0,0,,,
A,gavroche-v23-selective-sprint-cap,45,18,39,4,35,18,2,0,0,0,0,2,0,0,0,0,,,
A,gavroche-v23-selective-sprint-cap,46,19,40,3,36,19,2,0,0,0,0,2,0,0,0,0,,,
A,gavroche-v23-selective-sprint-cap,47,18,40,4,38,19,3,0,0,0,0,3,0,0,0,0,,,
A,gavroche-v23-selective-sprint-cap,48,18,42,4,40,19,3,0,0,0,0,3,0,0,0,0,,,
A,gavroche-v23-selective-sprint-cap,49,18,42,4,40,19,3,0,0,0,0,3,0,0,0,0,,,
A,gavroche-v23-selective-sprint-cap,50,19,43,3,41,20,3,0,0,0,0,3,0,0,0,0,71.09375,0.0,0.0
A,gavroche-v23-selective-sprint-cap,51,19,45,4,43,20,3,0,0,0,0,3,0,0,0,0,,,
A,gavroche-v23-selective-sprint-cap,52,20,46,5,44,21,3,0,0,0,0,3,0,0,0,0,,,
A,gavroche-v23-selective-sprint-cap,53,20,47,6,45,21,3,0,0,0,0,3,0,0,0,0,,,
A,gavroche-v23-selective-sprint-cap,54,21,47,4,45,22,3,0,0,0,0,3,0,0,0,0,,,
A,gavroche-v23-selective-sprint-cap,55,22,49,4,47,23,3,0,0,0,0,3,0,0,0,0,,,
A,gavroche-v23-selective-sprint-cap,56,22,48,4,48,24,4,0,0,0,0,4,0,0,0,0,,,
A,gavroche-v23-selective-sprint-cap,57,22,48,4,48,24,4,0,0,0,0,4,0,0,0,0,,,
A,gavroche-v23-selective-sprint-cap,58,22,48,4,48,24,4,0,0,0,0,4,0,0,0,0,,,
A,gavroche-v23-selective-sprint-cap,59,23,50,3,50,25,4,0,0,0,0,4,0,0,0,0,,,
A,gavroche-v23-selective-sprint-cap,60,23,51,4,51,25,4,0,0,0,0,4,0,0,0,0,71.35416666666667,0.0,0.0
A,gavroche-v23-selective-sprint-cap,61,23,52,5,52,25,4,0,0,0,0,4,0,0,0,0,,,
A,gavroche-v23-selective-sprint-cap,62,23,53,6,53,25,4,0,0,0,0,4,0,0,0,0,,,
A,gavroche-v23-selective-sprint-cap,63,23,51,4,53,26,5,0,0,0,1,4,0,0,0,0,,,
A,gavroche-v23-selective-sprint-cap,64,24,53,3,55,27,5,0,0,0,1,4,0,0,0,0,,,
A,gavroche-v23-selective-sprint-cap,65,22,51,4,58,27,7,0,0,1,1,5,0,0,0,0,,,
A,gavroche-v23-selective-sprint-cap,66,23,51,4,58,28,7,0,0,1,1,5,0,0,0,0,,,
A,gavroche-v23-selective-sprint-cap,67,23,51,4,58,28,7,0,0,1,1,5,0,0,0,0,,,
A,gavroche-v23-selective-sprint-cap,68,24,52,3,59,29,7,0,0,1,1,5,0,0,0,0,,,
A,gavroche-v23-selective-sprint-cap,69,24,54,4,61,29,7,0,0,1,1,5,0,0,0,0,,,
A,gavroche-v23-selective-sprint-cap,70,24,55,5,62,29,7,0,0,1,1,5,0,0,0,0,71.52777777777777,0.08680555555555555,0.0
A,gavroche-v23-selective-sprint-cap,71,24,56,6,63,29,7,0,0,1,1,5,0,0,0,0,,,
A,gavroche-v23-selective-sprint-cap,72,25,57,4,64,30,7,0,0,1,1,5,0,0,0,0,,,
A,gavroche-v23-selective-sprint-cap,73,27,59,3,66,32,7,0,0,1,1,5,0,0,0,0,,,
A,gavroche-v23-selective-sprint-cap,74,26,58,4,67,32,8,0,0,1,1,6,0,0,0,0,,,
A,gavroche-v23-selective-sprint-cap,75,26,58,4,67,32,8,0,0,1,1,6,0,0,0,0,,,
A,gavroche-v23-selective-sprint-cap,76,26,59,4,68,32,8,0,0,1,1,6,0,0,0,0,,,
A,gavroche-v23-selective-sprint-cap,77,28,60,3,69,34,8,0,0,1,1,6,0,0,0,0,,,
A,gavroche-v23-selective-sprint-cap,78,28,62,4,71,34,8,0,0,1,1,6,0,0,0,0,,,
A,gavroche-v23-selective-sprint-cap,79,28,64,5,73,34,8,0,0,1,1,6,0,0,0,0,,,
A,gavroche-v23-selective-sprint-cap,80,28,66,6,75,34,8,0,0,1,1,6,0,0,0,0,73.00347222222223,0.0,0.0
A,gavroche-v23-selective-sprint-cap,81,30,66,4,75,36,8,0,0,1,1,6,0,0,0,0,,,
A,gavroche-v23-selective-sprint-cap,82,31,67,3,76,37,8,0,0,1,1,6,0,0,0,0,,,
A,gavroche-v23-selective-sprint-cap,83,30,66,4,77,37,9,0,0,1,1,7,0,0,0,0,,,
A,gavroche-v23-selective-sprint-cap,84,30,66,4,77,37,9,0,0,1,1,7,0,0,0,0,,,
A,gavroche-v23-selective-sprint-cap,85,29,65,4,78,37,10,0,0,2,1,7,0,0,0,0,,,
A,gavroche-v23-selective-sprint-cap,86,30,66,3,79,38,10,0,0,2,1,7,0,0,0,0,,,
A,gavroche-v23-selective-sprint-cap,87,30,68,4,81,38,10,0,0,2,1,7,0,0,0,0,,,
A,gavroche-v23-selective-sprint-cap,88,30,69,5,82,38,10,0,0,2,1,7,0,0,0,0,,,
A,gavroche-v23-selective-sprint-cap,89,30,70,6,83,38,10,0,0,2,1,7,0,0,0,0,,,
A,gavroche-v23-selective-sprint-cap,90,31,70,4,83,39,10,0,0,2,1,7,0,0,0,0,73.26388888888889,0.0,0.0
A,gavroche-v23-selective-sprint-cap,91,32,71,3,84,40,10,0,0,2,1,7,0,0,0,0,,,
A,gavroche-v23-selective-sprint-cap,92,31,71,4,86,40,11,0,0,2,1,8,0,0,0,0,,,
A,gavroche-v23-selective-sprint-cap,93,32,71,4,86,41,11,0,0,2,1,8,0,0,0,0,,,
A,gavroche-v23-selective-sprint-cap,94,32,71,4,86,41,11,0,0,2,1,8,0,0,0,0,,,
A,gavroche-v23-selective-sprint-cap,95,33,72,3,87,42,11,0,0,2,1,8,0,0,0,0,,,
A,gavroche-v23-selective-sprint-cap,96,33,73,4,88,42,11,0,0,2,1,8,0,0,0,0,,,
A,gavroche-v23-selective-sprint-cap,97,33,74,5,89,42,11,0,0,2,1,8,0,0,0,0,,,
A,gavroche-v23-selective-sprint-cap,98,32,74,6,91,42,12,0,0,3,1,8,0,0,0,0,,,
A,gavroche-v23-selective-sprint-cap,99,34,74,4,91,44,12,0,0,3,1,8,0,0,0,0,,,
A,gavroche-v23-selective-sprint-cap,100,34,73,3,93,45,13,0,0,3,2,8,0,0,0,0,72.82986111111111,0.0,0.0
A,gavroche-v23-selective-sprint-cap,101,33,75,4,97,45,14,0,0,3,2,9,0,0,0,0,,,
A,gavroche-v23-selective-sprint-cap,102,34,75,4,97,46,14,0,0,3,2,9,0,0,0,0,,,
A,gavroche-v23-selective-sprint-cap,103,34,75,4,97,46,14,0,0,3,2,9,0,0,0,0,,,
A,gavroche-v23-selective-sprint-cap,104,35,77,3,99,47,14,0,0,3,2,9,0,0,0,0,,,
A,gavroche-v23-selective-sprint-cap,105,35,78,4,100,47,14,0,0,3,2,9,0,0,0,0,,,
A,gavroche-v23-selective-sprint-cap,106,34,78,5,102,47,15,0,0,3,3,9,0,0,0,0,,,
A,gavroche-v23-selective-sprint-cap,107,34,80,6,104,47,15,0,0,3,3,9,0,0,0,0,,,
A,gavroche-v23-selective-sprint-cap,108,35,81,4,105,48,15,0,0,3,3,9,0,0,0,0,,,
A,gavroche-v23-selective-sprint-cap,109,36,81,4,107,50,16,0,0,4,3,9,0,0,0,0,,,
A,gavroche-v23-selective-sprint-cap,110,36,80,4,108,51,17,0,0,4,3,10,0,0,0,0,72.56944444444444,0.0,0.0
A,gavroche-v23-selective-sprint-cap,111,36,82,4,110,51,17,0,0,4,3,10,0,0,0,0,,,
A,gavroche-v23-selective-sprint-cap,112,36,80,4,111,52,18,0,0,5,3,10,0,0,0,0,,,
A,gavroche-v23-selective-sprint-cap,113,37,81,3,112,53,18,0,0,5,3,10,0,0,0,0,,,
A,gavroche-v23-selective-sprint-cap,114,37,82,4,113,53,18,0,0,5,3,10,0,0,0,0,,,
A,gavroche-v23-selective-sprint-cap,115,37,83,5,114,53,18,0,0,5,3,10,0,0,0,0,,,
A,gavroche-v23-selective-sprint-cap,116,37,84,6,115,53,18,0,0,5,3,10,0,0,0,0,,,
A,gavroche-v23-selective-sprint-cap,117,37,84,4,117,54,19,0,0,6,3,10,0,0,0,0,,,
A,gavroche-v23-selective-sprint-cap,118,36,81,3,119,55,21,0,0,8,3,10,0,0,0,0,,,
A,gavroche-v23-selective-sprint-cap,119,34,81,4,123,55,23,0,0,8,3,12,0,0,0,0,,,
A,gavroche-v23-selective-sprint-cap,120,35,82,4,124,56,23,0,0,8,3,12,0,0,0,0,73.17708333333333,0.0,0.0
A,gavroche-v23-selective-sprint-cap,121,35,84,4,126,56,23,0,0,8,3,12,0,0,0,0,,,
A,gavroche-v23-selective-sprint-cap,122,34,79,3,127,57,25,0,0,8,4,13,0,0,0,0,,,
A,gavroche-v23-selective-sprint-cap,123,33,79,4,130,57,26,0,0,9,4,13,0,0,0,0,,,
A,gavroche-v23-selective-sprint-cap,124,34,83,5,134,58,26,0,0,9,4,13,0,0,0,0,,,
A,gavroche-v23-selective-sprint-cap,125,35,85,6,136,59,26,0,0,9,4,13,0,0,0,0,,,
A,gavroche-v23-selective-sprint-cap,126,37,88,4,139,61,26,0,0,9,4,13,0,0,0,0,,,
A,gavroche-v23-selective-sprint-cap,127,39,91,3,142,63,26,0,0,9,4,13,0,0,0,0,,,
A,gavroche-v23-selective-sprint-cap,128,37,90,4,146,63,28,0,0,9,5,14,0,0,0,0,,,
A,gavroche-v23-selective-sprint-cap,129,39,89,4,148,66,29,0,0,9,5,15,0,0,0,0,,,
A,gavroche-v23-selective-sprint-cap,130,38,88,4,149,66,30,0,0,9,5,16,0,0,0,0,73.52430555555556,0.0,0.0
A,gavroche-v23-selective-sprint-cap,131,39,89,3,150,67,30,0,0,9,5,16,0,0,0,0,,,
A,gavroche-v23-selective-sprint-cap,132,38,89,4,152,67,31,0,0,9,6,16,0,0,0,0,,,
A,gavroche-v23-selective-sprint-cap,133,38,89,5,154,68,32,0,0,10,6,16,0,0,0,0,,,
A,gavroche-v23-selective-sprint-cap,134,39,90,6,155,69,32,0,0,10,6,16,0,0,0,0,,,
A,gavroche-v23-selective-sprint-cap,135,40,91,4,156,70,32,0,0,10,6,16,0,0,0,0,,,
A,gavroche-v23-selective-sprint-cap,136,42,93,3,158,72,32,0,0,10,6,16,0,0,0,0,,,
A,gavroche-v23-selective-sprint-cap,137,40,90,4,159,72,34,0,0,11,6,17,0,0,0,0,,,
A,gavroche-v23-selective-sprint-cap,138,40,91,4,160,72,34,0,0,11,6,17,0,0,0,0,,,
A,gavroche-v23-selective-sprint-cap,139,40,92,4,161,72,34,0,0,11,6,17,0,0,0,0,,,
A,gavroche-v23-selective-sprint-cap,140,42,94,3,163,74,34,0,0,11,6,17,0,0,0,0,73.4375,0.08680555555555555,0.0
A,gavroche-v23-selective-sprint-cap,141,42,96,4,165,74,34,0,0,11,6,17,0,0,0,0,,,
A,gavroche-v23-selective-sprint-cap,142,41,94,5,166,74,35,0,0,12,6,17,0,0,0,0,,,
A,gavroche-v23-selective-sprint-cap,143,41,95,6,169,75,36,0,0,12,7,17,0,0,0,0,,,
A,gavroche-v23-selective-sprint-cap,144,42,96,4,170,76,36,0,0,12,7,17,0,0,0,0,,,
A,gavroche-v23-selective-sprint-cap,145,43,97,3,171,77,36,0,0,12,7,17,0,0,0,0,,,
A,gavroche-v23-selective-sprint-cap,146,42,97,4,173,77,37,0,0,12,7,18,0,0,0,0,,,
A,gavroche-v23-selective-sprint-cap,147,43,97,4,173,78,37,0,0,12,7,18,0,0,0,0,,,
A,gavroche-v23-selective-sprint-cap,148,43,97,4,173,78,37,0,0,12,7,18,0,0,0,0,,,
A,gavroche-v23-selective-sprint-cap,149,43,96,3,174,79,38,0,0,12,8,18,0,0,0,0,,,
A,gavroche-v23-selective-sprint-cap,150,43,97,4,175,79,38,0,0,12,8,18,0,0,0,0,73.61111111111111,0.08680555555555555,0.0
A,gavroche-v23-selective-sprint-cap,151,43,98,5,176,79,38,0,0,12,8,18,0,0,0,0,,,
A,gavroche-v23-selective-sprint-cap,152,43,99,6,177,79,38,0,0,12,8,18,0,0,0,0,,,
A,gavroche-v23-selective-sprint-cap,153,43,97,4,177,80,39,0,0,12,8,19,0,0,0,0,,,
A,gavroche-v23-selective-sprint-cap,154,44,99,3,179,81,39,0,0,12,8,19,0,0,0,0,,,
A,gavroche-v23-selective-sprint-cap,155,43,98,4,180,81,40,0,0,12,8,20,0,0,0,0,,,
A,gavroche-v23-selective-sprint-cap,156,43,98,4,180,81,40,0,0,12,8,20,0,0,0,0,,,
A,gavroche-v23-selective-sprint-cap,157,43,98,4,180,81,40,0,0,12,8,20,0,0,0,0,,,
A,gavroche-v23-selective-sprint-cap,158,44,99,3,181,82,40,0,0,12,8,20,0,0,0,0,,,
A,gavroche-v23-selective-sprint-cap,159,44,100,4,182,82,40,0,0,12,8,20,0,0,0,0,,,
A,gavroche-v23-selective-sprint-cap,160,43,99,5,184,82,41,0,0,12,8,21,0,0,0,0,73.4375,0.08680555555555555,0.0
A,gavroche-v23-selective-sprint-cap,161,43,102,6,187,82,41,0,0,12,8,21,0,0,0,0,,,
A,gavroche-v23-selective-sprint-cap,162,44,103,4,188,83,41,0,0,12,8,21,0,0,0,0,,,
A,gavroche-v23-selective-sprint-cap,163,46,103,4,191,86,42,0,0,12,9,21,0,0,0,0,,,
A,gavroche-v23-selective-sprint-cap,164,43,97,4,192,86,45,0,0,12,9,24,0,0,0,0,,,
A,gavroche-v23-selective-sprint-cap,165,44,98,4,193,87,45,0,0,12,9,24,0,0,0,0,,,
A,gavroche-v23-selective-sprint-cap,166,45,101,5,196,88,45,0,0,12,9,24,0,0,0,0,,,
A,gavroche-v23-selective-sprint-cap,167,44,99,5,196,88,46,0,0,12,9,25,0,0,0,0,,,
A,gavroche-v23-selective-sprint-cap,168,45,102,4,199,89,46,0,0,12,9,25,0,0,0,0,,,
A,gavroche-v23-selective-sprint-cap,169,46,104,4,201,90,46,0,0,12,9,25,0,0,0,0,,,
A,gavroche-v23-selective-sprint-cap,170,45,103,5,202,90,47,0,0,12,10,25,0,0,0,0,72.82986111111111,0.0,0.0
A,gavroche-v23-selective-sprint-cap,171,44,101,6,204,90,48,0,0,12,10,26,0,0,0,0,,,
A,gavroche-v23-selective-sprint-cap,172,44,102,4,207,91,49,0,0,12,11,26,0,0,0,0,,,
A,gavroche-v23-selective-sprint-cap,173,43,98,4,209,92,51,0,0,12,13,26,0,0,0,0,,,
A,gavroche-v23-selective-sprint-cap,174,43,100,4,213,93,52,0,0,12,13,27,0,0,0,0,,,
A,gavroche-v23-selective-sprint-cap,175,45,100,4,213,95,52,0,0,12,13,27,0,0,0,0,,,
A,gavroche-v23-selective-sprint-cap,176,43,99,4,216,95,54,0,0,12,14,28,0,0,0,0,,,
A,gavroche-v23-selective-sprint-cap,177,45,100,3,217,97,54,0,0,12,14,28,0,0,0,0,,,
A,gavroche-v23-selective-sprint-cap,178,43,96,4,218,97,56,0,0,14,14,28,0,0,0,0,,,
A,gavroche-v23-selective-sprint-cap,179,43,99,5,221,97,56,0,0,14,14,28,0,0,0,0,,,
A,gavroche-v23-selective-sprint-cap,180,43,100,6,222,97,56,0,0,14,14,28,0,0,0,0,72.65625,0.0,0.0
A,gavroche-v23-selective-sprint-cap,181,44,100,4,222,98,56,0,0,14,14,28,0,0,0,0,,,
A,gavroche-v23-selective-sprint-cap,182,45,101,3,223,99,56,0,0,14,14,28,0,0,0,0,,,
A,gavroche-v23-selective-sprint-cap,183,44,101,4,225,99,57,0,0,14,14,29,0,0,0,0,,,
A,gavroche-v23-selective-sprint-cap,184,44,100,4,226,100,58,0,0,15,14,29,0,0,0,0,,,
A,gavroche-v23-selective-sprint-cap,185,45,101,4,227,101,58,0,0,15,14,29,0,0,0,0,,,
A,gavroche-v23-selective-sprint-cap,186,46,104,3,230,102,58,0,0,15,14,29,0,0,0,0,,,
A,gavroche-v23-selective-sprint-cap,187,45,104,4,232,102,59,0,0,15,14,30,0,0,0,0,,,
A,gavroche-v23-selective-sprint-cap,188,44,103,5,235,102,60,0,0,16,14,30,0,0,0,0,,,
A,gavroche-v23-selective-sprint-cap,189,42,100,6,237,102,62,0,0,17,14,31,0,0,0,0,,,
A,gavroche-v23-selective-sprint-cap,190,44,100,4,237,104,62,0,0,17,14,31,0,0,0,0,71.44097222222223,0.0,0.0
A,gavroche-v23-selective-sprint-cap,191,45,102,3,239,105,62,0,0,17,14,31,0,0,0,0,,,
A,gavroche-v23-selective-sprint-cap,192,44,101,3,240,105,63,0,0,17,14,32,0,0,0,0,,,
A,gavroche-v23-selective-sprint-cap,193,43,99,4,241,105,64,0,0,17,15,32,0,0,0,0,,,
A,gavroche-v23-selective-sprint-cap,194,44,101,4,243,106,64,0,0,17,15,32,0,0,0,0,,,
A,gavroche-v23-selective-sprint-cap,195,46,102,3,244,108,64,0,0,17,15,32,0,0,0,0,,,
A,gavroche-v23-selective-sprint-cap,196,44,99,3,245,108,66,0,0,19,15,32,0,0,0,0,,,
A,gavroche-v23-selective-sprint-cap,197,44,101,4,247,108,66,0,0,19,15,32,0,0,0,0,,,
A,gavroche-v23-selective-sprint-cap,198,46,103,3,249,110,66,0,0,19,15,32,0,0,0,0,,,
A,gavroche-v23-selective-sprint-cap,199,44,98,3,249,110,68,0,0,21,15,32,0,0,0,0,,,
A,gavroche-v23-selective-sprint-cap,200,42,95,4,251,110,70,0,0,22,16,32,0,0,0,0,70.74652777777777,0.2604166666666667,0.0
A,gavroche-v23-selective-sprint-cap,201,43,95,3,251,111,70,0,0,22,16,32,0,0,0,0,,,
A,gavroche-v23-selective-sprint-cap,202,43,96,3,252,111,70,0,0,22,16,32,0,0,0,0,,,
A,gavroche-v23-selective-sprint-cap,203,42,97,3,255,111,71,0,0,22,16,33,0,0,0,0,,,
A,gavroche-v23-selective-sprint-cap,204,41,95,3,256,111,72,0,0,22,17,33,0,0,0,0,,,
A,gavroche-v23-selective-sprint-cap,205,40,93,4,257,111,73,0,0,22,17,34,0,0,0,0,,,
A,gavroche-v23-selective-sprint-cap,206,41,95,4,259,112,73,0,0,22,17,34,0,0,0,0,,,
A,gavroche-v23-selective-sprint-cap,207,39,89,4,260,113,76,0,0,24,18,34,0,0,0,0,,,
A,gavroche-v23-selective-sprint-cap,208,39,89,3,262,114,77,0,0,24,18,35,0,0,0,0,,,
A,gavroche-v23-selective-sprint-cap,209,37,85,4,263,114,79,0,0,25,18,36,0,0,0,0,,,
A,gavroche-v23-selective-sprint-cap,210,38,86,3,264,115,79,0,0,25,18,36,0,0,0,0,68.92361111111111,0.6076388888888888,0.0
A,gavroche-v23-selective-sprint-cap,211,37,87,4,267,115,80,0,0,25,19,36,0,0,0,0,,,
A,gavroche-v23-selective-sprint-cap,212,38,88,4,268,116,80,0,0,25,19,36,0,0,0,0,,,
A,gavroche-v23-selective-sprint-cap,213,37,87,4,269,116,81,1,1,25,19,36,0,0,0,0,,,
A,gavroche-v23-selective-sprint-cap,214,38,88,3,270,117,81,1,1,25,19,36,0,0,0,0,,,
A,gavroche-v23-selective-sprint-cap,215,37,87,3,271,117,82,1,1,25,20,36,0,0,0,0,,,
A,gavroche-v23-selective-sprint-cap,216,34,81,4,272,117,85,1,1,27,21,36,0,0,0,0,,,
A,gavroche-v23-selective-sprint-cap,217,35,83,3,274,118,85,1,1,27,21,36,0,0,0,0,,,
A,gavroche-v23-selective-sprint-cap,218,35,85,4,276,118,85,1,1,27,21,36,0,0,0,0,,,
A,gavroche-v23-selective-sprint-cap,219,36,85,3,276,119,85,1,1,27,21,36,0,0,0,0,,,
A,gavroche-v23-selective-sprint-cap,220,35,86,4,279,119,86,1,1,27,21,37,0,0,0,0,68.57638888888889,0.0,0.0
A,gavroche-v23-selective-sprint-cap,221,35,84,3,280,120,87,1,1,27,22,37,0,0,0,0,,,
A,gavroche-v23-selective-sprint-cap,222,34,82,3,280,120,88,1,1,28,22,37,0,0,0,0,,,
A,gavroche-v23-selective-sprint-cap,223,34,82,3,280,120,88,1,1,28,22,37,0,0,0,0,,,
A,gavroche-v23-selective-sprint-cap,224,34,82,3,280,120,88,1,1,28,22,37,0,0,0,0,,,
A,gavroche-v23-selective-sprint-cap,225,33,80,3,280,120,89,1,1,29,22,37,0,0,0,0,,,
A,gavroche-v23-selective-sprint-cap,226,33,81,4,281,120,89,1,1,29,22,37,0,0,0,0,,,
A,gavroche-v23-selective-sprint-cap,227,33,78,3,281,121,90,1,1,30,22,37,0,0,0,0,,,
A,gavroche-v23-selective-sprint-cap,228,33,80,3,283,121,90,1,1,30,22,37,0,0,0,0,,,
A,gavroche-v23-selective-sprint-cap,229,32,78,3,283,121,91,2,2,30,22,37,0,0,0,0,,,
A,gavroche-v23-selective-sprint-cap,230,31,75,3,283,121,92,2,2,30,23,37,0,0,0,0,64.67013888888889,1.1284722222222223,0.0
A,gavroche-v23-selective-sprint-cap,231,31,78,4,286,121,92,2,2,30,23,37,0,0,0,0,,,
A,gavroche-v23-selective-sprint-cap,232,31,78,4,286,121,92,2,2,30,23,37,0,0,0,0,,,
A,gavroche-v23-selective-sprint-cap,233,32,79,4,287,122,92,2,2,30,23,37,0,0,0,0,,,
A,gavroche-v23-selective-sprint-cap,234,30,74,4,288,122,94,2,2,31,24,37,0,0,0,0,,,
A,gavroche-v23-selective-sprint-cap,235,30,73,3,289,123,95,2,2,32,24,37,0,0,0,0,,,
A,gavroche-v23-selective-sprint-cap,236,29,72,4,291,123,96,2,2,32,24,38,0,0,0,0,,,
A,gavroche-v23-selective-sprint-cap,237,30,72,3,291,124,96,2,2,32,24,38,0,0,0,0,,,
A,gavroche-v23-selective-sprint-cap,238,29,71,4,292,124,97,2,2,33,24,38,0,0,0,0,,,
A,gavroche-v23-selective-sprint-cap,239,30,71,3,292,125,97,2,2,33,24,38,0,0,0,0,,,
A,gavroche-v23-selective-sprint-cap,240,30,72,3,293,125,97,2,2,33,24,38,0,0,0,0,55.81597222222222,1.3888888888888888,0.0
A,gavroche-v23-selective-sprint-cap,241,30,72,3,293,125,97,2,2,33,24,38,0,0,0,0,,,
A,gavroche-v23-selective-sprint-cap,242,30,73,4,294,125,97,2,2,33,24,38,0,0,0,0,,,
A,gavroche-v23-selective-sprint-cap,243,31,73,3,294,126,97,2,2,33,24,38,0,0,0,0,,,
A,gavroche-v23-selective-sprint-cap,244,31,73,3,294,126,97,2,2,33,24,38,0,0,0,0,,,
A,gavroche-v23-selective-sprint-cap,245,31,73,3,294,126,97,2,2,33,24,38,0,0,0,0,,,
A,gavroche-v23-selective-sprint-cap,246,30,71,3,294,126,98,2,2,34,24,38,0,0,0,0,,,
A,gavroche-v23-selective-sprint-cap,247,30,72,4,295,126,98,2,2,34,24,38,0,0,0,0,,,
A,gavroche-v23-selective-sprint-cap,248,30,73,4,296,126,98,2,2,34,24,38,0,0,0,0,,,
A,gavroche-v23-selective-sprint-cap,249,30,71,3,297,127,99,2,2,34,25,38,0,0,0,0,,,
A,gavroche-v23-selective-sprint-cap,250,30,73,4,299,127,99,2,2,34,25,38,0,0,0,0,50.520833333333336,3.298611111111111,0.0
A,gavroche-v23-selective-sprint-cap,251,31,74,4,300,128,99,2,2,34,25,38,0,0,0,0,,,
A,gavroche-v23-selective-sprint-cap,252,31,72,3,300,129,100,2,2,34,26,38,0,0,0,0,,,
A,gavroche-v23-selective-sprint-cap,253,31,74,3,302,129,100,2,2,34,26,38,0,0,0,0,,,
A,gavroche-v23-selective-sprint-cap,254,30,72,4,303,129,101,3,3,34,26,38,0,0,0,0,,,
A,gavroche-v23-selective-sprint-cap,255,31,74,4,305,130,101,3,3,34,26,38,0,0,0,0,,,
A,gavroche-v23-selective-sprint-cap,256,31,71,3,305,131,102,3,3,34,26,39,0,0,0,0,,,
A,gavroche-v23-selective-sprint-cap,257,30,70,3,306,131,103,3,3,34,26,40,0,0,0,0,,,
A,gavroche-v23-selective-sprint-cap,258,30,71,3,307,131,103,3,3,34,26,40,0,0,0,0,,,
A,gavroche-v23-selective-sprint-cap,259,30,72,4,308,131,103,3,3,34,26,40,0,0,0,0,,,
A,gavroche-v23-selective-sprint-cap,260,31,73,3,309,132,103,3,3,34,26,40,0,0,0,0,48.87152777777778,1.8229166666666667,0.0
A,gavroche-v23-selective-sprint-cap,261,30,72,4,310,132,104,3,3,34,27,40,0,0,0,0,,,
A,gavroche-v23-selective-sprint-cap,262,31,72,3,310,133,104,3,3,34,27,40,0,0,0,0,,,
A,gavroche-v23-selective-sprint-cap,263,31,73,3,311,133,104,3,3,34,27,40,0,0,0,0,,,
A,gavroche-v23-selective-sprint-cap,264,30,72,4,312,133,105,3,3,35,27,40,0,0,0,0,,,
A,gavroche-v23-selective-sprint-cap,265,30,76,5,316,133,105,3,3,35,27,40,0,0,0,0,,,
A,gavroche-v23-selective-sprint-cap,266,30,77,6,319,134,106,3,3,35,28,40,0,0,0,0,,,
A,gavroche-v23-selective-sprint-cap,267,32,77,4,319,136,106,3,3,35,28,40,0,0,0,0,,,
A,gavroche-v23-selective-sprint-cap,268,33,79,4,321,137,106,3,3,35,28,40,0,0,0,0,,,
A,gavroche-v23-selective-sprint-cap,269,30,73,4,322,137,109,3,3,37,28,41,0,0,0,0,,,
A,gavroche-v23-selective-sprint-cap,270,30,73,4,322,137,109,3,3,37,28,41,0,0,0,0,50.520833333333336,1.2152777777777777,0.0
A,gavroche-v23-selective-sprint-cap,271,30,73,4,322,137,109,3,3,37,28,41,0,0,0,0,,,
A,gavroche-v23-selective-sprint-cap,272,31,74,4,323,138,109,3,3,37,28,41,0,0,0,0,,,
A,gavroche-v23-selective-sprint-cap,273,31,75,4,324,138,109,3,3,37,28,41,0,0,0,0,,,
A,gavroche-v23-selective-sprint-cap,274,31,76,5,325,138,109,3,3,37,28,41,0,0,0,0,,,
A,gavroche-v23-selective-sprint-cap,275,31,77,6,326,138,109,3,3,37,28,41,0,0,0,0,,,
A,gavroche-v23-selective-sprint-cap,276,32,77,4,326,139,109,3,3,37,28,41,0,0,0,0,,,
A,gavroche-v23-selective-sprint-cap,277,32,76,4,327,140,110,3,3,38,28,41,0,0,0,0,,,
A,gavroche-v23-selective-sprint-cap,278,31,75,4,328,140,111,3,3,38,28,42,0,0,0,0,,,
A,gavroche-v23-selective-sprint-cap,279,31,74,4,329,141,112,3,3,39,28,42,0,0,0,0,,,
A,gavroche-v23-selective-sprint-cap,280,31,75,4,330,141,112,3,3,39,28,42,0,0,0,0,45.22569444444444,0.0,0.0
A,gavroche-v23-selective-sprint-cap,281,32,76,3,331,142,112,3,3,39,28,42,0,0,0,0,,,
A,gavroche-v23-selective-sprint-cap,282,32,77,4,332,142,112,3,3,39,28,42,0,0,0,0,,,
A,gavroche-v23-selective-sprint-cap,283,32,79,5,334,142,112,3,3,39,28,42,0,0,0,0,,,
A,gavroche-v23-selective-sprint-cap,284,32,80,6,335,142,112,3,3,39,28,42,0,0,0,0,,,
A,gavroche-v23-selective-sprint-cap,285,33,82,4,337,143,112,3,3,39,28,42,0,0,0,0,,,
A,gavroche-v23-selective-sprint-cap,286,32,79,4,339,144,114,3,3,41,28,42,0,0,0,0,,,
A,gavroche-v23-selective-sprint-cap,287,32,79,4,341,145,115,3,3,41,28,43,0,0,0,0,,,
A,gavroche-v23-selective-sprint-cap,288,33,79,4,341,146,115,3,3,41,28,43,0,0,0,0,,,
A,gavroche-v23-selective-sprint-cap,289,33,79,4,341,146,115,3,3,41,28,43,0,0,0,0,,,
A,gavroche-v23-selective-sprint-cap,290,34,81,3,343,147,115,3,3,41,28,43,0,0,0,0,40.97222222222222,0.0,0.0
A,gavroche-v23-selective-sprint-cap,291,34,83,4,345,147,115,3,3,41,28,43,0,0,0,0,,,
A,gavroche-v23-selective-sprint-cap,292,34,86,5,348,147,115,3,3,41,28,43,0,0,0,0,,,
A,gavroche-v23-selective-sprint-cap,293,34,87,6,349,147,115,3,3,41,28,43,0,0,0,0,,,
A,gavroche-v23-selective-sprint-cap,294,35,88,4,350,148,115,3,3,41,28,43,0,0,0,0,,,
A,gavroche-v23-selective-sprint-cap,295,37,89,3,351,150,115,3,3,41,28,43,0,0,0,0,,,
A,gavroche-v23-selective-sprint-cap,296,35,88,4,354,150,117,3,3,42,28,44,0,0,0,0,,,
A,gavroche-v23-selective-sprint-cap,297,36,86,4,354,152,118,3,3,43,28,44,0,0,0,0,,,
A,gavroche-v23-selective-sprint-cap,298,36,88,4,356,152,118,3,3,43,28,44,0,0,0,0,,,
A,gavroche-v23-selective-sprint-cap,299,37,90,3,358,153,118,3,3,43,28,44,0,0,0,0,,,
A,gavroche-v23-selective-sprint-cap,300,37,91,4,359,153,118,3,3,43,28,44,0,0,0,0,43.489583333333336,1.3888888888888888,0.0
A,gavroche-v23-selective-sprint-cap,301,37,92,5,360,153,118,3,3,43,28,44,0,0,0,0,,,
A,gavroche-v23-selective-sprint-cap,302,37,93,6,361,153,118,3,3,43,28,44,0,0,0,0,,,
A,gavroche-v23-selective-sprint-cap,303,38,93,4,361,154,118,3,3,43,28,44,0,0,0,0,,,
A,gavroche-v23-selective-sprint-cap,304,38,93,3,363,155,119,3,3,44,28,44,0,0,0,0,,,
A,gavroche-v23-selective-sprint-cap,305,37,92,4,364,155,120,3,3,44,28,45,0,0,0,0,,,
A,gavroche-v23-selective-sprint-cap,306,37,94,4,366,155,120,3,3,44,28,45,0,0,0,0,,,
A,gavroche-v23-selective-sprint-cap,307,36,93,4,368,155,121,3,3,44,29,45,0,0,0,0,,,
A,gavroche-v23-selective-sprint-cap,308,38,93,3,371,158,122,3,3,45,29,45,0,0,0,0,,,
A,gavroche-v23-selective-sprint-cap,309,38,94,4,372,158,122,3,3,45,29,45,0,0,0,0,,,
A,gavroche-v23-selective-sprint-cap,310,38,98,5,376,158,122,3,3,45,29,45,0,0,0,0,42.96875,0.78125,0.0
A,gavroche-v23-selective-sprint-cap,311,37,96,6,377,158,123,3,3,45,30,45,0,0,0,0,,,
A,gavroche-v23-selective-sprint-cap,312,36,97,4,382,159,125,3,3,47,30,45,0,0,0,0,,,
A,gavroche-v23-selective-sprint-cap,313,36,95,4,382,160,126,3,3,47,30,46,0,0,0,0,,,
A,gavroche-v23-selective-sprint-cap,314,36,97,4,384,160,126,3,3,47,30,46,0,0,0,0,,,
A,gavroche-v23-selective-sprint-cap,315,38,97,4,384,162,126,3,3,47,30,46,0,0,0,0,,,
A,gavroche-v23-selective-sprint-cap,316,36,94,5,387,163,129,3,3,48,32,46,0,0,0,0,,,
A,gavroche-v23-selective-sprint-cap,317,37,94,5,389,164,129,3,3,48,32,46,0,0,0,0,,,
A,gavroche-v23-selective-sprint-cap,318,38,93,5,389,165,129,3,3,48,32,46,0,0,0,0,,,
A,gavroche-v23-selective-sprint-cap,319,37,94,5,392,165,130,3,3,48,32,47,0,0,0,0,,,
A,gavroche-v23-selective-sprint-cap,320,37,91,5,392,166,131,3,3,48,33,47,0,0,0,0,43.923611111111114,2.34375,0.0
A,gavroche-v23-selective-sprint-cap,321,35,87,5,393,166,133,3,3,49,34,47,0,0,0,0,,,
A,gavroche-v23-selective-sprint-cap,322,35,88,5,394,166,133,3,3,49,34,47,0,0,0,0,,,
A,gavroche-v23-selective-sprint-cap,323,33,86,5,396,166,135,3,3,51,34,47,0,0,0,0,,,
A,gavroche-v23-selective-sprint-cap,324,34,86,5,396,167,135,3,3,51,34,47,0,0,0,0,,,
A,gavroche-v23-selective-sprint-cap,325,33,84,5,397,167,136,3,3,51,35,47,0,0,0,0,,,
A,gavroche-v23-selective-sprint-cap,326,33,87,5,400,167,136,3,3,51,35,47,0,0,0,0,,,
A,gavroche-v23-selective-sprint-cap,327,36,88,5,401,170,136,3,3,51,35,47,0,0,0,0,,,
A,gavroche-v23-selective-sprint-cap,328,36,90,6,403,170,136,3,3,51,35,47,0,0,0,0,,,
A,gavroche-v23-selective-sprint-cap,329,34,87,6,405,170,138,3,3,53,35,47,0,0,0,0,,,
A,gavroche-v23-selective-sprint-cap,330,34,86,6,406,171,139,3,3,54,35,47,0,0,0,0,41.31944444444444,2.0833333333333335,0.0
A,gavroche-v23-selective-sprint-cap,331,34,87,6,407,171,139,3,3,54,35,47,0,0,0,0,,,
A,gavroche-v23-selective-sprint-cap,332,33,83,6,407,171,140,3,3,55,35,47,0,0,0,0,,,
A,gavroche-v23-selective-sprint-cap,333,33,85,6,409,171,140,3,3,55,35,47,0,0,0,0,,,
A,gavroche-v23-selective-sprint-cap,334,33,83,6,410,172,141,3,3,55,36,47,0,0,0,0,,,
A,gavroche-v23-selective-sprint-cap,335,34,84,6,411,173,141,3,3,55,36,47,0,0,0,0,,,
A,gavroche-v23-selective-sprint-cap,336,34,84,6,413,174,142,3,3,56,36,47,0,0,0,0,,,
A,gavroche-v23-selective-sprint-cap,337,33,82,6,413,174,143,3,3,57,36,47,0,0,0,0,,,
A,gavroche-v23-selective-sprint-cap,338,32,78,4,415,174,144,3,3,58,36,47,0,0,0,0,,,
A,gavroche-v23-selective-sprint-cap,339,31,77,4,416,174,145,3,3,59,36,47,0,0,0,0,,,
A,gavroche-v23-selective-sprint-cap,340,31,77,4,416,174,145,3,3,59,36,47,0,0,0,0,42.361111111111114,2.0833333333333335,0.0
A,gavroche-v23-selective-sprint-cap,341,31,78,4,417,174,145,3,3,59,36,47,0,0,0,0,,,
A,gavroche-v23-selective-sprint-cap,342,32,79,4,418,175,145,3,3,59,36,47,0,0,0,0,,,
A,gavroche-v23-selective-sprint-cap,343,33,81,5,420,176,145,3,3,59,36,47,0,0,0,0,,,
A,gavroche-v23-selective-sprint-cap,344,32,78,5,422,177,147,3,3,60,36,48,0,0,0,0,,,
A,gavroche-v23-selective-sprint-cap,345,32,79,5,423,177,147,3,3,60,36,48,0,0,0,0,,,
A,gavroche-v23-selective-sprint-cap,346,32,80,5,424,177,147,3,3,60,36,48,0,0,0,0,,,
A,gavroche-v23-selective-sprint-cap,347,32,80,5,424,177,147,3,3,60,36,48,0,0,0,0,,,
A,gavroche-v23-selective-sprint-cap,348,32,80,5,424,177,147,3,3,60,36,48,0,0,0,0,,,
A,gavroche-v23-selective-sprint-cap,349,32,81,6,425,177,147,3,3,60,36,48,0,0,0,0,,,
A,gavroche-v23-selective-sprint-cap,350,32,81,6,425,177,147,3,3,60,36,48,0,0,0,0,42.88194444444444,1.9965277777777777,0.0
A,gavroche-v23-selective-sprint-cap,351,32,82,7,426,177,147,3,3,60,36,48,0,0,0,0,,,
A,gavroche-v23-selective-sprint-cap,352,31,81,7,427,177,148,3,3,60,37,48,0,0,0,0,,,
A,gavroche-v23-selective-sprint-cap,353,31,81,7,427,177,148,3,3,60,37,48,0,0,0,0,,,
A,gavroche-v23-selective-sprint-cap,354,31,82,7,428,177,148,3,3,60,37,48,0,0,0,0,,,
A,gavroche-v23-selective-sprint-cap,355,31,79,7,428,178,149,3,3,60,38,48,0,0,0,0,,,
A,gavroche-v23-selective-sprint-cap,356,31,81,7,430,178,149,3,3,60,38,48,0,0,0,0,,,
A,gavroche-v23-selective-sprint-cap,357,31,79,7,430,179,150,3,3,61,38,48,0,0,0,0,,,
A,gavroche-v23-selective-sprint-cap,358,31,80,7,431,179,150,3,3,61,38,48,0,0,0,0,,,
A,gavroche-v23-selective-sprint-cap,359,31,80,7,431,179,150,3,3,61,38,48,0,0,0,0,,,
A,gavroche-v23-selective-sprint-cap,360,31,82,7,433,179,150,3,3,61,38,48,0,0,0,0,37.41319444444444,2.2569444444444446,0.0
A,gavroche-v23-selective-sprint-cap,361,31,81,7,434,180,151,3,3,61,39,48,0,0,0,0,,,
A,gavroche-v23-selective-sprint-cap,362,32,83,7,436,181,151,3,3,61,39,48,0,0,0,0,,,
A,gavroche-v23-selective-sprint-cap,363,31,81,7,437,181,152,3,3,62,39,48,0,0,0,0,,,
A,gavroche-v23-selective-sprint-cap,364,31,83,7,439,181,152,3,3,62,39,48,0,0,0,0,,,
A,gavroche-v23-selective-sprint-cap,365,33,83,7,439,183,152,3,3,62,39,48,0,0,0,0,,,
A,gavroche-v23-selective-sprint-cap,366,33,83,7,439,183,152,3,3,62,39,48,0,0,0,0,,,
A,gavroche-v23-selective-sprint-cap,367,33,84,7,440,183,152,3,3,62,39,48,0,0,0,0,,,
A,gavroche-v23-selective-sprint-cap,368,33,84,7,440,183,152,3,3,62,39,48,0,0,0,0,,,
A,gavroche-v23-selective-sprint-cap,369,33,84,7,440,183,152,3,3,62,39,48,0,0,0,0,,,
A,gavroche-v23-selective-sprint-cap,370,33,84,7,440,183,152,3,3,62,39,48,0,0,0,0,40.885416666666664,2.0833333333333335,0.0
A,gavroche-v23-selective-sprint-cap,371,33,84,7,440,183,152,3,3,62,39,48,0,0,0,0,,,
A,gavroche-v23-selective-sprint-cap,372,33,84,7,440,183,152,3,3,62,39,48,0,0,0,0,,,
A,gavroche-v23-selective-sprint-cap,373,32,81,7,440,183,153,4,4,62,39,48,0,0,0,0,,,
A,gavroche-v23-selective-sprint-cap,374,32,81,7,440,183,153,4,4,62,39,48,0,0,0,0,,,
A,gavroche-v23-selective-sprint-cap,375,32,82,7,441,183,153,4,4,62,39,48,0,0,0,0,,,
A,gavroche-v23-selective-sprint-cap,376,32,83,7,442,183,153,4,4,62,39,48,0,0,0,0,,,
A,gavroche-v23-selective-sprint-cap,377,33,83,7,442,184,153,4,4,62,39,48,0,0,0,0,,,
A,gavroche-v23-selective-sprint-cap,378,33,84,7,443,184,153,4,4,62,39,48,0,0,0,0,,,
A,gavroche-v23-selective-sprint-cap,379,33,86,7,445,184,153,4,4,62,39,48,0,0,0,0,,,
A,gavroche-v23-selective-sprint-cap,380,33,87,7,446,184,153,4,4,62,39,48,0,0,0,0,35.15625,6.597222222222222,0.0
A,gavroche-v23-selective-sprint-cap,381,33,88,7,447,184,153,4,4,62,39,48,0,0,0,0,,,
A,gavroche-v23-selective-sprint-cap,382,34,90,7,449,185,153,4,4,62,39,48,0,0,0,0,,,
A,gavroche-v23-selective-sprint-cap,383,33,88,7,449,185,154,4,4,62,39,49,0,0,0,0,,,
A,gavroche-v23-selective-sprint-cap,384,33,89,7,450,185,154,4,4,62,39,49,0,0,0,0,,,
A,gavroche-v23-selective-sprint-cap,385,33,90,7,451,185,154,4,4,62,39,49,0,0,0,0,,,
A,gavroche-v23-selective-sprint-cap,386,32,89,7,453,185,155,4,4,62,39,50,0,0,0,0,,,
A,gavroche-v23-selective-sprint-cap,387,32,90,7,454,185,155,4,4,62,39,50,0,0,0,0,,,
A,gavroche-v23-selective-sprint-cap,388,32,90,7,457,186,156,4,4,62,40,50,0,0,0,0,,,
A,gavroche-v23-selective-sprint-cap,389,32,89,7,458,187,157,4,4,62,40,51,0,0,0,0,,,
A,gavroche-v23-selective-sprint-cap,390,31,89,7,461,187,158,4,4,63,40,51,0,0,0,0,40.97222222222222,2.7777777777777777,0.0
A,gavroche-v23-selective-sprint-cap,391,31,91,7,463,187,158,4,4,63,40,51,0,0,0,0,,,
A,gavroche-v23-selective-sprint-cap,392,31,94,7,466,187,158,4,4,63,40,51,0,0,0,0,,,
A,gavroche-v23-selective-sprint-cap,393,30,92,8,467,187,159,4,4,63,40,52,0,0,0,0,,,
A,gavroche-v23-selective-sprint-cap,394,30,93,9,468,187,159,4,4,63,40,52,0,0,0,0,,,
A,gavroche-v23-selective-sprint-cap,395,31,94,7,469,188,159,4,4,63,40,52,0,0,0,0,,,
A,gavroche-v23-selective-sprint-cap,396,30,92,7,469,188,160,4,4,63,40,53,0,0,0,0,,,
A,gavroche-v23-selective-sprint-cap,397,31,92,7,469,189,160,4,4,63,40,53,0,0,0,0,,,
A,gavroche-v23-selective-sprint-cap,398,31,92,7,469,189,160,4,4,63,40,53,0,0,0,0,,,
A,gavroche-v23-selective-sprint-cap,399,31,92,7,471,189,160,4,4,63,40,53,0,0,0,0,,,
A,gavroche-v23-selective-sprint-cap,400,32,92,7,471,190,160,4,4,63,40,53,0,0,0,0,39.670138888888886,0.1736111111111111,0.0
A,gavroche-v23-selective-sprint-cap,401,31,90,7,471,190,161,4,4,64,40,53,0,0,0,0,,,
A,gavroche-v23-selective-sprint-cap,402,31,90,7,471,190,161,4,4,64,40,53,0,0,0,0,,,
A,gavroche-v23-selective-sprint-cap,403,31,90,7,471,190,161,4,4,64,40,53,0,0,0,0,,,
A,gavroche-v23-selective-sprint-cap,404,30,88,7,471,190,162,4,4,64,41,53,0,0,0,0,,,
A,gavroche-v23-selective-sprint-cap,405,30,89,7,472,190,162,4,4,64,41,53,0,0,0,0,,,
A,gavroche-v23-selective-sprint-cap,406,30,90,7,473,190,162,4,4,64,41,53,0,0,0,0,,,
A,gavroche-v23-selective-sprint-cap,407,30,90,7,473,190,162,4,4,64,41,53,0,0,0,0,,,
A,gavroche-v23-selective-sprint-cap,408,30,90,7,473,190,162,4,4,64,41,53,0,0,0,0,,,
A,gavroche-v23-selective-sprint-cap,409,30,90,7,473,190,162,4,4,64,41,53,0,0,0,0,,,
A,gavroche-v23-selective-sprint-cap,410,30,90,7,473,190,162,4,4,64,41,53,0,0,0,0,42.1875,5.989583333333333,0.0
A,gavroche-v23-selective-sprint-cap,411,29,88,7,473,190,163,4,4,65,41,53,0,0,0,0,,,
A,gavroche-v23-selective-sprint-cap,412,29,89,7,474,190,163,4,4,65,41,53,0,0,0,0,,,
A,gavroche-v23-selective-sprint-cap,413,29,89,7,474,190,163,4,4,65,41,53,0,0,0,0,,,
A,gavroche-v23-selective-sprint-cap,414,30,90,7,475,191,163,4,4,65,41,53,0,0,0,0,,,
A,gavroche-v23-selective-sprint-cap,415,29,87,7,475,191,164,4,4,65,42,53,0,0,0,0,,,
A,gavroche-v23-selective-sprint-cap,416,29,87,7,475,191,164,4,4,65,42,53,0,0,0,0,,,
A,gavroche-v23-selective-sprint-cap,417,29,88,7,476,191,164,4,4,65,42,53,0,0,0,0,,,
A,gavroche-v23-selective-sprint-cap,418,27,84,7,478,191,166,4,4,65,44,53,0,0,0,0,,,
A,gavroche-v23-selective-sprint-cap,419,23,74,7,480,191,170,4,4,65,48,53,0,0,0,0,,,
A,gavroche-v23-selective-sprint-cap,420,20,67,7,482,191,173,4,4,65,51,53,0,0,0,0,49.739583333333336,1.5625,0.0
A,gavroche-v23-selective-sprint-cap,421,19,67,7,484,191,174,4,4,65,52,53,0,0,0,0,,,
A,gavroche-v23-selective-sprint-cap,422,16,63,8,488,191,177,4,4,65,55,53,0,0,0,0,,,
A,gavroche-v23-selective-sprint-cap,423,14,57,8,489,191,179,4,4,65,57,53,0,0,0,0,,,
A,gavroche-v23-selective-sprint-cap,424,14,59,9,491,191,179,4,4,65,57,53,0,0,0,0,,,
A,gavroche-v23-selective-sprint-cap,425,13,56,10,493,191,180,4,4,65,58,53,0,0,0,0,,,
A,gavroche-v23-selective-sprint-cap,426,12,48,10,494,191,181,4,4,65,59,53,0,0,0,0,,,
A,gavroche-v23-selective-sprint-cap,427,12,50,11,496,191,181,4,4,65,59,53,0,0,0,0,,,
A,gavroche-v23-selective-sprint-cap,428,11,48,12,499,191,182,4,4,65,60,53,0,0,0,0,,,
A,gavroche-v23-selective-sprint-cap,429,11,48,12,499,191,182,4,4,65,60,53,0,0,0,0,,,
A,gavroche-v23-selective-sprint-cap,430,11,50,13,501,191,182,4,4,65,60,53,0,0,0,0,55.12152777777778,1.5625,0.0
A,gavroche-v23-selective-sprint-cap,431,11,53,14,504,191,182,4,4,65,60,53,0,0,0,0,,,
A,gavroche-v23-selective-sprint-cap,432,11,54,14,505,191,182,4,4,65,60,53,0,0,0,0,,,
A,gavroche-v23-selective-sprint-cap,433,11,56,15,507,191,182,4,4,65,60,53,0,0,0,0,,,
A,gavroche-v23-selective-sprint-cap,434,11,57,15,508,191,182,4,4,65,60,53,0,0,0,0,,,
A,gavroche-v23-selective-sprint-cap,435,11,59,16,510,191,182,4,4,65,60,53,0,0,0,0,,,
A,gavroche-v23-selective-sprint-cap,436,11,61,17,512,191,182,4,4,65,60,53,0,0,0,0,,,
A,gavroche-v23-selective-sprint-cap,437,11,61,17,512,191,182,4,4,65,60,53,0,0,0,0,,,
A,gavroche-v23-selective-sprint-cap,438,11,63,17,514,191,182,4,4,65,60,53,0,0,0,0,,,
A,gavroche-v23-selective-sprint-cap,439,11,64,18,515,191,182,4,4,65,60,53,0,0,0,0,,,
A,gavroche-v23-selective-sprint-cap,440,11,66,18,517,191,182,4,4,65,60,53,0,0,0,0,57.552083333333336,1.6493055555555556,0.0
A,gavroche-v23-selective-sprint-cap,441,10,63,19,519,191,183,4,4,66,60,53,0,0,0,0,,,
A,gavroche-v23-selective-sprint-cap,442,9,58,20,521,191,184,5,5,66,60,53,0,0,0,0,,,
A,gavroche-v23-selective-sprint-cap,443,9,59,21,522,191,184,5,5,66,60,53,0,0,0,0,,,
A,gavroche-v23-selective-sprint-cap,444,9,61,22,524,191,184,5,5,66,60,53,0,0,0,0,,,
A,gavroche-v23-selective-sprint-cap,445,9,62,22,525,191,184,5,5,66,60,53,0,0,0,0,,,
A,gavroche-v23-selective-sprint-cap,446,8,50,23,527,191,185,5,5,66,61,53,0,0,0,0,,,
A,gavroche-v23-selective-sprint-cap,447,7,48,23,527,191,186,5,5,66,62,53,0,0,0,0,,,
A,gavroche-v23-selective-sprint-cap,448,7,50,24,529,191,186,5,5,66,62,53,0,0,0,0,,,
A,gavroche-v23-selective-sprint-cap,449,6,40,24,529,191,187,5,5,66,63,53,0,0,0,0,,,
A,gavroche-v23-selective-sprint-cap,450,5,40,25,532,191,188,5,5,66,64,53,0,0,0,0,47.482638888888886,4.774305555555555,0.0
A,gavroche-v23-selective-sprint-cap,451,5,41,25,533,191,188,5,5,66,64,53,0,0,0,0,,,
A,gavroche-v23-selective-sprint-cap,452,5,43,26,535,191,188,5,5,66,64,53,0,0,0,0,,,
A,gavroche-v23-selective-sprint-cap,453,5,44,26,536,191,188,5,5,66,64,53,0,0,0,0,,,
A,gavroche-v23-selective-sprint-cap,454,6,47,27,539,192,188,5,5,66,64,53,0,0,0,0,,,
A,gavroche-v23-selective-sprint-cap,455,5,46,27,540,192,189,5,5,66,65,53,0,0,0,0,,,
A,gavroche-v23-selective-sprint-cap,456,5,48,28,542,192,189,5,5,66,65,53,0,0,0,0,,,
A,gavroche-v23-selective-sprint-cap,457,4,42,29,543,192,190,5,5,66,66,53,0,0,0,0,,,
A,gavroche-v23-selective-sprint-cap,458,4,42,29,543,192,190,5,5,66,66,53,0,0,0,0,,,
A,gavroche-v23-selective-sprint-cap,459,4,43,30,544,192,190,5,5,66,66,53,0,0,0,0,,,
A,gavroche-v23-selective-sprint-cap,460,4,43,30,544,192,190,5,5,66,66,53,0,0,0,0,49.91319444444444,2.34375,0.0
A,gavroche-v23-selective-sprint-cap,461,4,44,31,545,192,190,5,5,66,66,53,0,0,0,0,,,
A,gavroche-v23-selective-sprint-cap,462,4,44,31,545,192,190,5,5,66,66,53,0,0,0,0,,,
A,gavroche-v23-selective-sprint-cap,463,4,45,32,546,192,190,5,5,66,66,53,0,0,0,0,,,
A,gavroche-v23-selective-sprint-cap,464,4,45,32,546,192,190,5,5,66,66,53,0,0,0,0,,,
A,gavroche-v23-selective-sprint-cap,465,4,45,32,546,192,190,5,5,66,66,53,0,0,0,0,,,
A,gavroche-v23-selective-sprint-cap,466,4,45,32,546,192,190,5,5,66,66,53,0,0,0,0,,,
A,gavroche-v23-selective-sprint-cap,467,4,45,32,546,192,190,5,5,66,66,53,0,0,0,0,,,
A,gavroche-v23-selective-sprint-cap,468,4,45,32,546,192,190,5,5,66,66,53,0,0,0,0,,,
A,gavroche-v23-selective-sprint-cap,469,4,45,32,546,192,190,5,5,66,66,53,0,0,0,0,,,
A,gavroche-v23-selective-sprint-cap,470,4,46,33,547,192,190,5,5,66,66,53,0,0,0,0,54.427083333333336,1.9965277777777777,0.0
A,gavroche-v23-selective-sprint-cap,471,4,47,33,548,192,190,5,5,66,66,53,0,0,0,0,,,
A,gavroche-v23-selective-sprint-cap,472,4,48,34,549,192,190,5,5,66,66,53,0,0,0,0,,,
A,gavroche-v23-selective-sprint-cap,473,4,49,34,550,192,190,5,5,66,66,53,0,0,0,0,,,
A,gavroche-v23-selective-sprint-cap,474,4,50,35,551,192,190,5,5,66,66,53,0,0,0,0,,,
A,gavroche-v23-selective-sprint-cap,475,4,50,35,551,192,190,5,5,66,66,53,0,0,0,0,,,
A,gavroche-v23-selective-sprint-cap,476,4,51,36,552,192,190,5,5,66,66,53,0,0,0,0,,,
A,gavroche-v23-selective-sprint-cap,477,4,52,36,553,192,190,5,5,66,66,53,0,0,0,0,,,
A,gavroche-v23-selective-sprint-cap,478,4,54,37,555,192,190,5,5,66,66,53,0,0,0,0,,,
A,gavroche-v23-selective-sprint-cap,479,4,55,37,556,192,190,5,5,66,66,53,0,0,0,0,,,
A,gavroche-v23-selective-sprint-cap,480,4,57,38,558,192,190,5,5,66,66,53,0,0,0,0,48.263888888888886,7.638888888888889,0.0
A,gavroche-v23-selective-sprint-cap,481,4,59,39,560,192,190,5,5,66,66,53,0,0,0,0,,,
A,gavroche-v23-selective-sprint-cap,482,4,61,40,562,192,190,5,5,66,66,53,0,0,0,0,,,
A,gavroche-v23-selective-sprint-cap,483,5,61,40,562,193,190,5,5,66,66,53,0,0,0,0,,,
A,gavroche-v23-selective-sprint-cap,484,4,60,41,563,193,191,5,5,66,66,54,0,0,0,0,,,
A,gavroche-v23-selective-sprint-cap,485,4,61,42,564,193,191,5,5,66,66,54,0,0,0,0,,,
A,gavroche-v23-selective-sprint-cap,486,4,61,42,564,193,191,5,5,66,66,54,0,0,0,0,,,
A,gavroche-v23-selective-sprint-cap,487,4,61,43,565,193,191,5,5,66,66,54,0,0,0,0,,,
A,gavroche-v23-selective-sprint-cap,488,4,62,44,566,193,191,5,5,66,66,54,0,0,0,0,,,
A,gavroche-v23-selective-sprint-cap,489,4,62,44,566,193,191,5,5,66,66,54,0,0,0,0,,,
A,gavroche-v23-selective-sprint-cap,490,4,63,45,567,193,191,5,5,66,66,54,0,0,0,0,46.614583333333336,13.194444444444445,0.0
A,gavroche-v23-selective-sprint-cap,491,4,64,46,568,193,191,5,5,66,66,54,0,0,0,0,,,
A,gavroche-v23-selective-sprint-cap,492,4,64,46,568,193,191,5,5,66,66,54,0,0,0,0,,,
A,gavroche-v23-selective-sprint-cap,493,4,64,46,568,193,191,5,5,66,66,54,0,0,0,0,,,
A,gavroche-v23-selective-sprint-cap,494,4,64,46,568,193,191,5,5,66,66,54,0,0,0,0,,,
A,gavroche-v23-selective-sprint-cap,495,4,64,46,568,193,191,5,5,66,66,54,0,0,0,0,,,
A,gavroche-v23-selective-sprint-cap,496,4,64,46,568,193,191,5,5,66,66,54,0,0,0,0,,,
A,gavroche-v23-selective-sprint-cap,497,4,64,46,568,193,191,5,5,66,66,54,0,0,0,0,,,
A,gavroche-v23-selective-sprint-cap,498,4,64,46,568,193,191,5,5,66,66,54,0,0,0,0,,,
A,gavroche-v23-selective-sprint-cap,499,3,57,46,568,193,192,5,5,66,67,54,0,0,0,0,,,
A,gavroche-v23-selective-sprint-cap,500,3,57,46,568,193,192,5,5,66,67,54,0,0,0,0,50.0,8.76736111111111,0.0
B,gavroche-v34-saturated-cap6,0,2,8,4,0,0,0,0,0,0,0,0,0,0,0,0,48.958333333333336,2.0833333333333335,0.0
B,gavroche-v34-saturated-cap6,1,4,8,2,0,2,0,0,0,0,0,0,0,0,0,0,,,
B,gavroche-v34-saturated-cap6,2,4,8,2,0,2,0,0,0,0,0,0,0,0,0,0,,,
B,gavroche-v34-saturated-cap6,3,4,8,2,0,2,0,0,0,0,0,0,0,0,0,0,,,
B,gavroche-v34-saturated-cap6,4,4,9,3,1,2,0,0,0,0,0,0,0,0,0,0,,,
B,gavroche-v34-saturated-cap6,5,4,9,3,1,2,0,0,0,0,0,0,0,0,0,0,,,
B,gavroche-v34-saturated-cap6,6,4,9,3,1,2,0,0,0,0,0,0,0,0,0,0,,,
B,gavroche-v34-saturated-cap6,7,4,9,3,1,2,0,0,0,0,0,0,0,0,0,0,,,
B,gavroche-v34-saturated-cap6,8,4,9,3,1,2,0,0,0,0,0,0,0,0,0,0,,,
B,gavroche-v34-saturated-cap6,9,4,9,3,1,2,0,0,0,0,0,0,0,0,0,0,,,
B,gavroche-v34-saturated-cap6,10,4,9,3,1,2,0,0,0,0,0,0,0,0,0,0,34.80902777777778,1.1284722222222223,0.0
B,gavroche-v34-saturated-cap6,11,4,9,3,1,2,0,0,0,0,0,0,0,0,0,0,,,
B,gavroche-v34-saturated-cap6,12,4,9,3,1,2,0,0,0,0,0,0,0,0,0,0,,,
B,gavroche-v34-saturated-cap6,13,4,9,3,1,2,0,0,0,0,0,0,0,0,0,0,,,
B,gavroche-v34-saturated-cap6,14,4,9,3,1,2,0,0,0,0,0,0,0,0,0,0,,,
B,gavroche-v34-saturated-cap6,15,4,9,3,1,2,0,0,0,0,0,0,0,0,0,0,,,
B,gavroche-v34-saturated-cap6,16,4,10,3,2,2,0,0,0,0,0,0,0,0,0,0,,,
B,gavroche-v34-saturated-cap6,17,4,10,3,2,2,0,0,0,0,0,0,0,0,0,0,,,
B,gavroche-v34-saturated-cap6,18,4,10,3,2,2,0,0,0,0,0,0,0,0,0,0,,,
B,gavroche-v34-saturated-cap6,19,4,11,4,3,2,0,0,0,0,0,0,0,0,0,0,,,
B,gavroche-v34-saturated-cap6,20,5,12,3,4,3,0,0,0,0,0,0,0,0,0,0,30.729166666666668,0.2604166666666667,0.0
B,gavroche-v34-saturated-cap6,21,5,12,3,4,3,0,0,0,0,0,0,0,0,0,0,,,
B,gavroche-v34-saturated-cap6,22,5,13,3,5,3,0,0,0,0,0,0,0,0,0,0,,,
B,gavroche-v34-saturated-cap6,23,5,13,3,5,3,0,0,0,0,0,0,0,0,0,0,,,
B,gavroche-v34-saturated-cap6,24,5,14,4,6,3,0,0,0,0,0,0,0,0,0,0,,,
B,gavroche-v34-saturated-cap6,25,6,15,4,7,4,0,0,0,0,0,0,0,0,0,0,,,
B,gavroche-v34-saturated-cap6,26,7,15,3,7,5,0,0,0,0,0,0,0,0,0,0,,,
B,gavroche-v34-saturated-cap6,27,7,15,3,7,5,0,0,0,0,0,0,0,0,0,0,,,
B,gavroche-v34-saturated-cap6,28,7,15,3,7,5,0,0,0,0,0,0,0,0,0,0,,,
B,gavroche-v34-saturated-cap6,29,7,15,3,7,5,0,0,0,0,0,0,0,0,0,0,,,
B,gavroche-v34-saturated-cap6,30,7,15,3,7,5,0,0,0,0,0,0,0,0,0,0,34.80902777777778,0.0,0.0
B,gavroche-v34-saturated-cap6,31,7,16,3,8,5,0,0,0,0,0,0,0,0,0,0,,,
B,gavroche-v34-saturated-cap6,32,7,16,3,8,5,0,0,0,0,0,0,0,0,0,0,,,
B,gavroche-v34-saturated-cap6,33,7,17,3,9,5,0,0,0,0,0,0,0,0,0,0,,,
B,gavroche-v34-saturated-cap6,34,7,17,3,9,5,0,0,0,0,0,0,0,0,0,0,,,
B,gavroche-v34-saturated-cap6,35,7,18,3,10,5,0,0,0,0,0,0,0,0,0,0,,,
B,gavroche-v34-saturated-cap6,36,7,18,3,10,5,0,0,0,0,0,0,0,0,0,0,,,
B,gavroche-v34-saturated-cap6,37,7,19,4,11,5,0,0,0,0,0,0,0,0,0,0,,,
B,gavroche-v34-saturated-cap6,38,8,20,3,12,6,0,0,0,0,0,0,0,0,0,0,,,
B,gavroche-v34-saturated-cap6,39,8,20,3,12,6,0,0,0,0,0,0,0,0,0,0,,,
B,gavroche-v34-saturated-cap6,40,8,21,3,13,6,0,0,0,0,0,0,0,0,0,0,34.80902777777778,0.0,0.0
B,gavroche-v34-saturated-cap6,41,8,21,3,13,6,0,0,0,0,0,0,0,0,0,0,,,
B,gavroche-v34-saturated-cap6,42,8,22,4,14,6,0,0,0,0,0,0,0,0,0,0,,,
B,gavroche-v34-saturated-cap6,43,9,22,3,14,7,0,0,0,0,0,0,0,0,0,0,,,
B,gavroche-v34-saturated-cap6,44,9,22,3,14,7,0,0,0,0,0,0,0,0,0,0,,,
B,gavroche-v34-saturated-cap6,45,9,22,3,14,7,0,0,0,0,0,0,0,0,0,0,,,
B,gavroche-v34-saturated-cap6,46,9,22,3,14,7,0,0,0,0,0,0,0,0,0,0,,,
B,gavroche-v34-saturated-cap6,47,9,23,4,15,7,0,0,0,0,0,0,0,0,0,0,,,
B,gavroche-v34-saturated-cap6,48,10,23,3,15,8,0,0,0,0,0,0,0,0,0,0,,,
B,gavroche-v34-saturated-cap6,49,10,23,3,15,8,0,0,0,0,0,0,0,0,0,0,,,
B,gavroche-v34-saturated-cap6,50,10,23,3,15,8,0,0,0,0,0,0,0,0,0,0,28.90625,0.0,0.0
B,gavroche-v34-saturated-cap6,51,10,24,4,16,8,0,0,0,0,0,0,0,0,0,0,,,
B,gavroche-v34-saturated-cap6,52,11,24,3,16,9,0,0,0,0,0,0,0,0,0,0,,,
B,gavroche-v34-saturated-cap6,53,11,26,4,18,9,0,0,0,0,0,0,0,0,0,0,,,
B,gavroche-v34-saturated-cap6,54,12,26,3,18,10,0,0,0,0,0,0,0,0,0,0,,,
B,gavroche-v34-saturated-cap6,55,12,26,3,18,10,0,0,0,0,0,0,0,0,0,0,,,
B,gavroche-v34-saturated-cap6,56,12,27,4,19,10,0,0,0,0,0,0,0,0,0,0,,,
B,gavroche-v34-saturated-cap6,57,13,27,3,19,11,0,0,0,0,0,0,0,0,0,0,,,
B,gavroche-v34-saturated-cap6,58,13,28,3,20,11,0,0,0,0,0,0,0,0,0,0,,,
B,gavroche-v34-saturated-cap6,59,13,28,3,20,11,0,0,0,0,0,0,0,0,0,0,,,
B,gavroche-v34-saturated-cap6,60,13,29,3,21,11,0,0,0,0,0,0,0,0,0,0,28.645833333333332,0.0,0.0
B,gavroche-v34-saturated-cap6,61,13,29,3,21,11,0,0,0,0,0,0,0,0,0,0,,,
B,gavroche-v34-saturated-cap6,62,13,29,3,21,11,0,0,0,0,0,0,0,0,0,0,,,
B,gavroche-v34-saturated-cap6,63,13,29,3,21,11,0,0,0,0,0,0,0,0,0,0,,,
B,gavroche-v34-saturated-cap6,64,13,29,3,21,11,0,0,0,0,0,0,0,0,0,0,,,
B,gavroche-v34-saturated-cap6,65,13,29,3,21,11,0,0,0,0,0,0,0,0,0,0,,,
B,gavroche-v34-saturated-cap6,66,13,29,3,21,11,0,0,0,0,0,0,0,0,0,0,,,
B,gavroche-v34-saturated-cap6,67,13,30,3,22,11,0,0,0,0,0,0,0,0,0,0,,,
B,gavroche-v34-saturated-cap6,68,13,31,4,23,11,0,0,0,0,0,0,0,0,0,0,,,
B,gavroche-v34-saturated-cap6,69,14,31,3,23,12,0,0,0,0,0,0,0,0,0,0,,,
B,gavroche-v34-saturated-cap6,70,14,31,3,23,12,0,0,0,0,0,0,0,0,0,0,28.385416666666668,0.08680555555555555,0.0
B,gavroche-v34-saturated-cap6,71,14,31,3,23,12,0,0,0,0,0,0,0,0,0,0,,,
B,gavroche-v34-saturated-cap6,72,14,31,3,23,12,0,0,0,0,0,0,0,0,0,0,,,
B,gavroche-v34-saturated-cap6,73,14,31,3,23,12,0,0,0,0,0,0,0,0,0,0,,,
B,gavroche-v34-saturated-cap6,74,14,31,3,23,12,0,0,0,0,0,0,0,0,0,0,,,
B,gavroche-v34-saturated-cap6,75,14,31,3,23,12,0,0,0,0,0,0,0,0,0,0,,,
B,gavroche-v34-saturated-cap6,76,14,31,3,23,12,0,0,0,0,0,0,0,0,0,0,,,
B,gavroche-v34-saturated-cap6,77,14,31,3,23,12,0,0,0,0,0,0,0,0,0,0,,,
B,gavroche-v34-saturated-cap6,78,14,31,3,23,12,0,0,0,0,0,0,0,0,0,0,,,
B,gavroche-v34-saturated-cap6,79,14,33,4,25,12,0,0,0,0,0,0,0,0,0,0,,,
B,gavroche-v34-saturated-cap6,80,15,33,3,25,13,0,0,0,0,0,0,0,0,0,0,26.99652777777778,0.0,0.0
B,gavroche-v34-saturated-cap6,81,15,33,3,25,13,0,0,0,0,0,0,0,0,0,0,,,
B,gavroche-v34-saturated-cap6,82,15,34,4,26,13,0,0,0,0,0,0,0,0,0,0,,,
B,gavroche-v34-saturated-cap6,83,16,34,3,26,14,0,0,0,0,0,0,0,0,0,0,,,
B,gavroche-v34-saturated-cap6,84,16,34,3,26,14,0,0,0,0,0,0,0,0,0,0,,,
B,gavroche-v34-saturated-cap6,85,16,34,3,26,14,0,0,0,0,0,0,0,0,0,0,,,
B,gavroche-v34-saturated-cap6,86,16,34,3,26,14,0,0,0,0,0,0,0,0,0,0,,,
B,gavroche-v34-saturated-cap6,87,15,33,3,27,14,1,0,0,0,1,0,0,0,0,0,,,
B,gavroche-v34-saturated-cap6,88,15,33,3,27,14,1,0,0,0,1,0,0,0,0,0,,,
B,gavroche-v34-saturated-cap6,89,15,33,3,27,14,1,0,0,0,1,0,0,0,0,0,,,
B,gavroche-v34-saturated-cap6,90,15,33,3,27,14,1,0,0,0,1,0,0,0,0,0,26.73611111111111,0.0,0.0
B,gavroche-v34-saturated-cap6,91,15,33,3,27,14,1,0,0,0,1,0,0,0,0,0,,,
B,gavroche-v34-saturated-cap6,92,15,33,3,27,14,1,0,0,0,1,0,0,0,0,0,,,
B,gavroche-v34-saturated-cap6,93,15,34,3,28,14,1,0,0,0,1,0,0,0,0,0,,,
B,gavroche-v34-saturated-cap6,94,15,34,3,28,14,1,0,0,0,1,0,0,0,0,0,,,
B,gavroche-v34-saturated-cap6,95,15,34,3,28,14,1,0,0,0,1,0,0,0,0,0,,,
B,gavroche-v34-saturated-cap6,96,15,34,3,28,14,1,0,0,0,1,0,0,0,0,0,,,
B,gavroche-v34-saturated-cap6,97,15,35,3,29,14,1,0,0,0,1,0,0,0,0,0,,,
B,gavroche-v34-saturated-cap6,98,15,35,3,29,14,1,0,0,0,1,0,0,0,0,0,,,
B,gavroche-v34-saturated-cap6,99,15,36,4,30,14,1,0,0,0,1,0,0,0,0,0,,,
B,gavroche-v34-saturated-cap6,100,15,36,4,30,14,1,0,0,0,1,0,0,0,0,0,27.17013888888889,0.0,0.0
B,gavroche-v34-saturated-cap6,101,16,36,3,30,15,1,0,0,0,1,0,0,0,0,0,,,
B,gavroche-v34-saturated-cap6,102,16,37,3,31,15,1,0,0,0,1,0,0,0,0,0,,,
B,gavroche-v34-saturated-cap6,103,16,37,3,31,15,1,0,0,0,1,0,0,0,0,0,,,
B,gavroche-v34-saturated-cap6,104,16,38,3,32,15,1,0,0,0,1,0,0,0,0,0,,,
B,gavroche-v34-saturated-cap6,105,16,39,4,33,15,1,0,0,0,1,0,0,0,0,0,,,
B,gavroche-v34-saturated-cap6,106,16,40,4,34,15,1,0,0,0,1,0,0,0,0,0,,,
B,gavroche-v34-saturated-cap6,107,17,42,4,36,16,1,0,0,0,1,0,0,0,0,0,,,
B,gavroche-v34-saturated-cap6,108,19,42,3,36,18,1,0,0,0,1,0,0,0,0,0,,,
B,gavroche-v34-saturated-cap6,109,19,42,3,36,18,1,0,0,0,1,0,0,0,0,0,,,
B,gavroche-v34-saturated-cap6,110,18,41,3,37,18,2,0,0,0,2,0,0,0,0,0,27.430555555555557,0.0,0.0
B,gavroche-v34-saturated-cap6,111,18,43,3,39,18,2,0,0,0,2,0,0,0,0,0,,,
B,gavroche-v34-saturated-cap6,112,18,44,3,40,18,2,0,0,0,2,0,0,0,0,0,,,
B,gavroche-v34-saturated-cap6,113,18,45,4,41,18,2,0,0,0,2,0,0,0,0,0,,,
B,gavroche-v34-saturated-cap6,114,19,46,4,42,19,2,0,0,0,2,0,0,0,0,0,,,
B,gavroche-v34-saturated-cap6,115,20,47,3,43,20,2,0,0,0,2,0,0,0,0,0,,,
B,gavroche-v34-saturated-cap6,116,20,49,4,45,20,2,0,0,0,2,0,0,0,0,0,,,
B,gavroche-v34-saturated-cap6,117,21,49,3,45,21,2,0,0,0,2,0,0,0,0,0,,,
B,gavroche-v34-saturated-cap6,118,21,50,3,46,21,2,0,0,0,2,0,0,0,0,0,,,
B,gavroche-v34-saturated-cap6,119,21,52,4,48,21,2,0,0,0,2,0,0,0,0,0,,,
B,gavroche-v34-saturated-cap6,120,22,53,5,49,22,2,0,0,0,2,0,0,0,0,0,26.822916666666668,0.0,0.0
B,gavroche-v34-saturated-cap6,121,23,54,3,50,23,2,0,0,0,2,0,0,0,0,0,,,
B,gavroche-v34-saturated-cap6,122,22,53,4,52,23,3,0,0,0,2,1,0,0,0,0,,,
B,gavroche-v34-saturated-cap6,123,22,52,4,53,24,4,0,0,1,2,1,0,0,0,0,,,
B,gavroche-v34-saturated-cap6,124,23,52,3,53,25,4,0,0,1,2,1,0,0,0,0,,,
B,gavroche-v34-saturated-cap6,125,23,52,3,53,25,4,0,0,1,2,1,0,0,0,0,,,
B,gavroche-v34-saturated-cap6,126,23,52,3,53,25,4,0,0,1,2,1,0,0,0,0,,,
B,gavroche-v34-saturated-cap6,127,23,53,4,54,25,4,0,0,1,2,1,0,0,0,0,,,
B,gavroche-v34-saturated-cap6,128,24,53,3,54,26,4,0,0,1,2,1,0,0,0,0,,,
B,gavroche-v34-saturated-cap6,129,24,54,4,55,26,4,0,0,1,2,1,0,0,0,0,,,
B,gavroche-v34-saturated-cap6,130,25,55,3,56,27,4,0,0,1,2,1,0,0,0,0,26.475694444444443,0.0,0.0
B,gavroche-v34-saturated-cap6,131,25,55,3,56,27,4,0,0,1,2,1,0,0,0,0,,,
B,gavroche-v34-saturated-cap6,132,25,56,4,57,27,4,0,0,1,2,1,0,0,0,0,,,
B,gavroche-v34-saturated-cap6,133,26,56,3,57,28,4,0,0,1,2,1,0,0,0,0,,,
B,gavroche-v34-saturated-cap6,134,26,58,3,59,28,4,0,0,1,2,1,0,0,0,0,,,
B,gavroche-v34-saturated-cap6,135,26,58,3,59,28,4,0,0,1,2,1,0,0,0,0,,,
B,gavroche-v34-saturated-cap6,136,25,59,3,62,28,5,0,0,2,2,1,0,0,0,0,,,
B,gavroche-v34-saturated-cap6,137,25,59,3,62,28,5,0,0,2,2,1,0,0,0,0,,,
B,gavroche-v34-saturated-cap6,138,25,59,3,62,28,5,0,0,2,2,1,0,0,0,0,,,
B,gavroche-v34-saturated-cap6,139,25,59,3,62,28,5,0,0,2,2,1,0,0,0,0,,,
B,gavroche-v34-saturated-cap6,140,25,60,4,63,28,5,0,0,2,2,1,0,0,0,0,26.475694444444443,0.08680555555555555,0.0
B,gavroche-v34-saturated-cap6,141,26,60,3,63,29,5,0,0,2,2,1,0,0,0,0,,,
B,gavroche-v34-saturated-cap6,142,26,60,3,63,29,5,0,0,2,2,1,0,0,0,0,,,
B,gavroche-v34-saturated-cap6,143,25,59,3,64,29,6,0,0,2,3,1,0,0,0,0,,,
B,gavroche-v34-saturated-cap6,144,25,59,3,64,29,6,0,0,2,3,1,0,0,0,0,,,
B,gavroche-v34-saturated-cap6,145,25,61,4,66,29,6,0,0,2,3,1,0,0,0,0,,,
B,gavroche-v34-saturated-cap6,146,27,61,3,66,31,6,0,0,2,3,1,0,0,0,0,,,
B,gavroche-v34-saturated-cap6,147,27,62,3,67,31,6,0,0,2,3,1,0,0,0,0,,,
B,gavroche-v34-saturated-cap6,148,27,62,3,67,31,6,0,0,2,3,1,0,0,0,0,,,
B,gavroche-v34-saturated-cap6,149,27,63,3,68,31,6,0,0,2,3,1,0,0,0,0,,,
B,gavroche-v34-saturated-cap6,150,27,64,4,69,31,6,0,0,2,3,1,0,0,0,0,26.302083333333332,0.08680555555555555,0.0
B,gavroche-v34-saturated-cap6,151,28,64,3,69,32,6,0,0,2,3,1,0,0,0,0,,,
B,gavroche-v34-saturated-cap6,152,28,66,3,71,32,6,0,0,2,3,1,0,0,0,0,,,
B,gavroche-v34-saturated-cap6,153,28,67,4,72,32,6,0,0,2,3,1,0,0,0,0,,,
B,gavroche-v34-saturated-cap6,154,28,68,5,73,32,6,0,0,2,3,1,0,0,0,0,,,
B,gavroche-v34-saturated-cap6,155,28,69,6,74,32,6,0,0,2,3,1,0,0,0,0,,,
B,gavroche-v34-saturated-cap6,156,29,69,4,74,33,6,0,0,2,3,1,0,0,0,0,,,
B,gavroche-v34-saturated-cap6,157,30,70,3,75,34,6,0,0,2,3,1,0,0,0,0,,,
B,gavroche-v34-saturated-cap6,158,29,69,4,76,34,7,0,0,2,3,2,0,0,0,0,,,
B,gavroche-v34-saturated-cap6,159,28,67,4,76,34,8,0,0,3,3,2,0,0,0,0,,,
B,gavroche-v34-saturated-cap6,160,28,67,4,76,34,8,0,0,3,3,2,0,0,0,0,26.475694444444443,0.08680555555555555,0.0
B,gavroche-v34-saturated-cap6,161,29,68,3,77,35,8,0,0,3,3,2,0,0,0,0,,,
B,gavroche-v34-saturated-cap6,162,29,69,4,78,35,8,0,0,3,3,2,0,0,0,0,,,
B,gavroche-v34-saturated-cap6,163,29,70,5,79,35,8,0,0,3,3,2,0,0,0,0,,,
B,gavroche-v34-saturated-cap6,164,29,72,6,81,35,8,0,0,3,3,2,0,0,0,0,,,
B,gavroche-v34-saturated-cap6,165,30,73,4,82,36,8,0,0,3,3,2,0,0,0,0,,,
B,gavroche-v34-saturated-cap6,166,28,68,4,85,37,11,0,0,5,4,2,0,0,0,0,,,
B,gavroche-v34-saturated-cap6,167,26,66,4,87,37,13,0,0,5,4,4,0,0,0,0,,,
B,gavroche-v34-saturated-cap6,168,28,66,4,87,39,13,0,0,5,4,4,0,0,0,0,,,
B,gavroche-v34-saturated-cap6,169,26,63,4,88,39,15,0,0,6,4,5,0,0,0,0,,,
B,gavroche-v34-saturated-cap6,170,28,67,3,92,41,15,0,0,6,4,5,0,0,0,0,27.17013888888889,0.0,0.0
B,gavroche-v34-saturated-cap6,171,28,69,4,94,41,15,0,0,6,4,5,0,0,0,0,,,
B,gavroche-v34-saturated-cap6,172,28,71,5,96,41,15,0,0,6,4,5,0,0,0,0,,,
B,gavroche-v34-saturated-cap6,173,27,71,6,98,41,16,0,0,6,4,6,0,0,0,0,,,
B,gavroche-v34-saturated-cap6,174,28,72,4,99,42,16,0,0,6,4,6,0,0,0,0,,,
B,gavroche-v34-saturated-cap6,175,30,73,3,100,44,16,0,0,6,4,6,0,0,0,0,,,
B,gavroche-v34-saturated-cap6,176,28,70,4,101,44,18,0,0,7,4,7,0,0,0,0,,,
B,gavroche-v34-saturated-cap6,177,28,71,4,102,44,18,0,0,7,4,7,0,0,0,0,,,
B,gavroche-v34-saturated-cap6,178,27,70,4,104,44,19,0,0,8,4,7,0,0,0,0,,,
B,gavroche-v34-saturated-cap6,179,28,72,4,106,45,19,0,0,8,4,7,0,0,0,0,,,
B,gavroche-v34-saturated-cap6,180,29,73,4,107,46,19,0,0,8,4,7,0,0,0,0,27.34375,0.0,0.0
B,gavroche-v34-saturated-cap6,181,29,74,5,108,46,19,0,0,8,4,7,0,0,0,0,,,
B,gavroche-v34-saturated-cap6,182,29,76,6,110,46,19,0,0,8,4,7,0,0,0,0,,,
B,gavroche-v34-saturated-cap6,183,30,77,4,111,47,19,0,0,8,4,7,0,0,0,0,,,
B,gavroche-v34-saturated-cap6,184,32,79,4,113,49,19,0,0,8,4,7,0,0,0,0,,,
B,gavroche-v34-saturated-cap6,185,32,78,4,114,50,20,0,0,8,4,8,0,0,0,0,,,
B,gavroche-v34-saturated-cap6,186,32,78,4,114,50,20,0,0,8,4,8,0,0,0,0,,,
B,gavroche-v34-saturated-cap6,187,32,80,4,116,50,20,0,0,8,4,8,0,0,0,0,,,
B,gavroche-v34-saturated-cap6,188,33,78,3,117,52,21,0,0,9,4,8,0,0,0,0,,,
B,gavroche-v34-saturated-cap6,189,33,79,4,118,52,21,0,0,9,4,8,0,0,0,0,,,
B,gavroche-v34-saturated-cap6,190,33,81,5,120,52,21,0,0,9,4,8,0,0,0,0,28.55902777777778,0.0,0.0
B,gavroche-v34-saturated-cap6,191,33,82,6,121,52,21,0,0,9,4,8,0,0,0,0,,,
B,gavroche-v34-saturated-cap6,192,32,83,4,126,53,23,0,0,11,4,8,0,0,0,0,,,
B,gavroche-v34-saturated-cap6,193,36,84,3,127,57,23,0,0,11,4,8,0,0,0,0,,,
B,gavroche-v34-saturated-cap6,194,33,78,4,128,57,26,0,0,13,4,9,0,0,0,0,,,
B,gavroche-v34-saturated-cap6,195,33,82,4,132,57,26,0,0,13,4,9,0,0,0,0,,,
B,gavroche-v34-saturated-cap6,196,37,83,4,133,61,26,0,0,13,4,9,0,0,0,0,,,
B,gavroche-v34-saturated-cap6,197,37,82,3,134,62,27,0,0,13,4,10,0,0,0,0,,,
B,gavroche-v34-saturated-cap6,198,35,80,4,136,62,29,0,0,14,4,11,0,0,0,0,,,
B,gavroche-v34-saturated-cap6,199,35,82,5,138,62,29,0,0,14,4,11,0,0,0,0,,,
B,gavroche-v34-saturated-cap6,200,35,82,6,140,63,30,0,0,14,4,12,0,0,0,0,28.993055555555557,0.2604166666666667,0.0
B,gavroche-v34-saturated-cap6,201,35,80,4,141,64,31,0,0,14,4,13,0,0,0,0,,,
B,gavroche-v34-saturated-cap6,202,36,82,4,143,65,31,0,0,14,4,13,0,0,0,0,,,
B,gavroche-v34-saturated-cap6,203,36,82,4,145,66,32,0,0,14,4,14,0,0,0,0,,,
B,gavroche-v34-saturated-cap6,204,35,79,4,145,66,33,0,0,14,5,14,0,0,0,0,,,
B,gavroche-v34-saturated-cap6,205,35,82,4,148,66,33,0,0,14,5,14,0,0,0,0,,,
B,gavroche-v34-saturated-cap6,206,37,84,4,150,68,33,0,0,14,5,14,0,0,0,0,,,
B,gavroche-v34-saturated-cap6,207,37,83,4,151,69,34,0,0,14,5,15,0,0,0,0,,,
B,gavroche-v34-saturated-cap6,208,37,86,5,154,69,34,0,0,14,5,15,0,0,0,0,,,
B,gavroche-v34-saturated-cap6,209,37,87,6,155,69,34,0,0,14,5,15,0,0,0,0,,,
B,gavroche-v34-saturated-cap6,210,38,87,4,155,70,34,0,0,14,5,15,0,0,0,0,30.46875,0.6076388888888888,0.0
B,gavroche-v34-saturated-cap6,211,39,88,3,156,71,34,0,0,14,5,15,0,0,0,0,,,
B,gavroche-v34-saturated-cap6,212,38,88,4,158,71,35,0,0,14,5,16,0,0,0,0,,,
B,gavroche-v34-saturated-cap6,213,38,87,4,159,72,36,1,1,14,5,16,0,0,0,0,,,
B,gavroche-v34-saturated-cap6,214,38,89,4,161,72,36,1,1,14,5,16,0,0,0,0,,,
B,gavroche-v34-saturated-cap6,215,39,87,3,162,74,37,1,1,14,5,17,0,0,0,0,,,
B,gavroche-v34-saturated-cap6,216,39,90,4,165,74,37,1,1,14,5,17,0,0,0,0,,,
B,gavroche-v34-saturated-cap6,217,39,92,5,167,74,37,1,1,14,5,17,0,0,0,0,,,
B,gavroche-v34-saturated-cap6,218,38,88,6,169,75,39,1,1,14,6,18,0,0,0,0,,,
B,gavroche-v34-saturated-cap6,219,38,85,4,171,77,41,1,1,15,6,19,0,0,0,0,,,
B,gavroche-v34-saturated-cap6,220,37,83,3,173,78,43,1,1,17,6,19,0,0,0,0,31.42361111111111,0.0,0.0
B,gavroche-v34-saturated-cap6,221,34,80,4,176,78,46,1,1,17,6,22,0,0,0,0,,,
B,gavroche-v34-saturated-cap6,222,35,83,4,179,79,46,1,1,17,6,22,0,0,0,0,,,
B,gavroche-v34-saturated-cap6,223,35,83,4,179,79,46,1,1,17,6,22,0,0,0,0,,,
B,gavroche-v34-saturated-cap6,224,35,82,4,181,80,47,1,1,17,7,22,0,0,0,0,,,
B,gavroche-v34-saturated-cap6,225,36,84,4,183,81,47,1,1,17,7,22,0,0,0,0,,,
B,gavroche-v34-saturated-cap6,226,36,86,5,185,81,47,1,1,17,7,22,0,0,0,0,,,
B,gavroche-v34-saturated-cap6,227,37,87,6,186,82,47,1,1,17,7,22,0,0,0,0,,,
B,gavroche-v34-saturated-cap6,228,37,86,4,187,83,48,1,1,17,7,23,0,0,0,0,,,
B,gavroche-v34-saturated-cap6,229,37,85,3,188,84,49,2,2,17,7,23,0,0,0,0,,,
B,gavroche-v34-saturated-cap6,230,35,83,4,191,84,51,2,2,17,8,24,0,0,0,0,34.201388888888886,1.1284722222222223,0.0
B,gavroche-v34-saturated-cap6,231,36,84,4,192,85,51,2,2,17,8,24,0,0,0,0,,,
B,gavroche-v34-saturated-cap6,232,36,85,4,193,85,51,2,2,17,8,24,0,0,0,0,,,
B,gavroche-v34-saturated-cap6,233,34,81,4,196,86,54,2,2,18,8,26,0,0,0,0,,,
B,gavroche-v34-saturated-cap6,234,35,85,4,200,87,54,2,2,18,8,26,0,0,0,0,,,
B,gavroche-v34-saturated-cap6,235,37,87,5,202,89,54,2,2,18,8,26,0,0,0,0,,,
B,gavroche-v34-saturated-cap6,236,36,88,6,205,89,55,2,2,18,8,27,0,0,0,0,,,
B,gavroche-v34-saturated-cap6,237,36,87,4,206,90,56,2,2,18,9,27,0,0,0,0,,,
B,gavroche-v34-saturated-cap6,238,38,89,4,208,92,56,2,2,18,9,27,0,0,0,0,,,
B,gavroche-v34-saturated-cap6,239,34,81,4,211,93,61,2,2,21,9,29,0,0,0,0,,,
B,gavroche-v34-saturated-cap6,240,35,83,4,213,94,61,2,2,21,9,29,0,0,0,0,42.795138888888886,1.3888888888888888,0.0
B,gavroche-v34-saturated-cap6,241,34,81,4,213,94,62,2,2,22,9,29,0,0,0,0,,,
B,gavroche-v34-saturated-cap6,242,35,84,4,216,95,62,2,2,22,9,29,0,0,0,0,,,
B,gavroche-v34-saturated-cap6,243,36,85,4,219,97,63,2,2,22,10,29,0,0,0,0,,,
B,gavroche-v34-saturated-cap6,244,35,87,5,223,97,64,2,2,23,10,29,0,0,0,0,,,
B,gavroche-v34-saturated-cap6,245,37,88,6,224,99,64,2,2,23,10,29,0,0,0,0,,,
B,gavroche-v34-saturated-cap6,246,37,88,4,226,100,65,2,2,23,11,29,0,0,0,0,,,
B,gavroche-v34-saturated-cap6,247,38,87,3,228,102,66,2,2,24,11,29,0,0,0,0,,,
B,gavroche-v34-saturated-cap6,248,36,84,4,229,102,68,2,2,25,11,30,0,0,0,0,,,
B,gavroche-v34-saturated-cap6,249,36,84,4,229,102,68,2,2,25,11,30,0,0,0,0,,,
B,gavroche-v34-saturated-cap6,250,36,86,4,231,102,68,2,2,25,11,30,0,0,0,0,46.18055555555556,3.298611111111111,0.0
B,gavroche-v34-saturated-cap6,251,35,82,4,232,103,70,2,2,27,11,30,0,0,0,0,,,
B,gavroche-v34-saturated-cap6,252,35,80,4,233,104,71,2,2,27,12,30,0,0,0,0,,,
B,gavroche-v34-saturated-cap6,253,35,85,5,238,104,71,2,2,27,12,30,0,0,0,0,,,
B,gavroche-v34-saturated-cap6,254,35,83,6,239,105,72,3,3,27,12,30,0,0,0,0,,,
B,gavroche-v34-saturated-cap6,255,35,83,4,241,106,73,3,3,27,13,30,0,0,0,0,,,
B,gavroche-v34-saturated-cap6,256,36,83,4,244,108,74,3,3,27,13,31,0,0,0,0,,,
B,gavroche-v34-saturated-cap6,257,34,80,4,248,109,77,3,3,29,13,32,0,0,0,0,,,
B,gavroche-v34-saturated-cap6,258,35,80,4,248,110,77,3,3,29,13,32,0,0,0,0,,,
B,gavroche-v34-saturated-cap6,259,33,78,4,250,110,79,3,3,29,13,34,0,0,0,0,,,
B,gavroche-v34-saturated-cap6,260,34,79,3,253,112,80,3,3,29,13,35,0,0,0,0,49.30555555555556,1.8229166666666667,0.0
B,gavroche-v34-saturated-cap6,261,34,80,4,254,112,80,3,3,29,13,35,0,0,0,0,,,
B,gavroche-v34-saturated-cap6,262,33,80,5,257,112,81,3,3,29,13,36,0,0,0,0,,,
B,gavroche-v34-saturated-cap6,263,34,82,6,259,113,81,3,3,29,13,36,0,0,0,0,,,
B,gavroche-v34-saturated-cap6,264,35,84,5,261,114,81,3,3,29,13,36,0,0,0,0,,,
B,gavroche-v34-saturated-cap6,265,36,88,5,265,115,81,3,3,29,13,36,0,0,0,0,,,
B,gavroche-v34-saturated-cap6,266,33,84,5,267,115,84,3,3,29,13,39,0,0,0,0,,,
B,gavroche-v34-saturated-cap6,267,34,86,5,269,116,84,3,3,29,13,39,0,0,0,0,,,
B,gavroche-v34-saturated-cap6,268,35,87,5,270,117,84,3,3,29,13,39,0,0,0,0,,,
B,gavroche-v34-saturated-cap6,269,33,80,5,273,118,87,3,3,32,13,39,0,0,0,0,,,
B,gavroche-v34-saturated-cap6,270,32,81,5,276,118,88,3,3,32,13,40,0,0,0,0,48.263888888888886,1.2152777777777777,0.0
B,gavroche-v34-saturated-cap6,271,32,85,5,280,118,88,3,3,32,13,40,0,0,0,0,,,
B,gavroche-v34-saturated-cap6,272,32,88,6,283,118,88,3,3,32,13,40,0,0,0,0,,,
B,gavroche-v34-saturated-cap6,273,34,89,5,284,120,88,3,3,32,13,40,0,0,0,0,,,
B,gavroche-v34-saturated-cap6,274,35,88,5,286,122,89,3,3,33,13,40,0,0,0,0,,,
B,gavroche-v34-saturated-cap6,275,32,83,5,288,122,92,3,3,35,13,41,0,0,0,0,,,
B,gavroche-v34-saturated-cap6,276,31,83,5,290,122,93,3,3,36,13,41,0,0,0,0,,,
B,gavroche-v34-saturated-cap6,277,30,84,6,293,122,94,3,3,36,14,41,0,0,0,0,,,
B,gavroche-v34-saturated-cap6,278,31,79,6,296,126,97,3,3,36,16,42,0,0,0,0,,,
B,gavroche-v34-saturated-cap6,279,32,82,6,299,127,97,3,3,36,16,42,0,0,0,0,,,
B,gavroche-v34-saturated-cap6,280,33,84,6,301,128,97,3,3,36,16,42,0,0,0,0,54.77430555555556,0.0,0.0
B,gavroche-v34-saturated-cap6,281,32,84,6,303,128,98,3,3,36,17,42,0,0,0,0,,,
B,gavroche-v34-saturated-cap6,282,33,85,6,304,129,98,3,3,36,17,42,0,0,0,0,,,
B,gavroche-v34-saturated-cap6,283,34,86,6,305,130,98,3,3,36,17,42,0,0,0,0,,,
B,gavroche-v34-saturated-cap6,284,33,85,6,306,130,99,3,3,36,17,43,0,0,0,0,,,
B,gavroche-v34-saturated-cap6,285,33,85,6,306,130,99,3,3,36,17,43,0,0,0,0,,,
B,gavroche-v34-saturated-cap6,286,33,86,6,307,130,99,3,3,36,17,43,0,0,0,0,,,
B,gavroche-v34-saturated-cap6,287,32,81,6,308,131,101,3,3,37,18,43,0,0,0,0,,,
B,gavroche-v34-saturated-cap6,288,32,83,6,310,131,101,3,3,37,18,43,0,0,0,0,,,
B,gavroche-v34-saturated-cap6,289,32,85,6,312,131,101,3,3,37,18,43,0,0,0,0,,,
B,gavroche-v34-saturated-cap6,290,32,88,6,315,131,101,3,3,37,18,43,0,0,0,0,59.02777777777778,0.0,0.0
B,gavroche-v34-saturated-cap6,291,33,88,6,317,133,102,3,3,37,19,43,0,0,0,0,,,
B,gavroche-v34-saturated-cap6,292,35,89,6,318,135,102,3,3,37,19,43,0,0,0,0,,,
B,gavroche-v34-saturated-cap6,293,34,89,6,320,135,103,3,3,37,19,44,0,0,0,0,,,
B,gavroche-v34-saturated-cap6,294,35,92,7,323,136,103,3,3,37,19,44,0,0,0,0,,,
B,gavroche-v34-saturated-cap6,295,35,91,7,324,137,104,3,3,37,19,45,0,0,0,0,,,
B,gavroche-v34-saturated-cap6,296,35,89,7,325,138,105,3,3,37,19,46,0,0,0,0,,,
B,gavroche-v34-saturated-cap6,297,35,90,7,326,138,105,3,3,37,19,46,0,0,0,0,,,
B,gavroche-v34-saturated-cap6,298,34,88,7,327,138,106,3,3,37,19,47,0,0,0,0,,,
B,gavroche-v34-saturated-cap6,299,35,90,7,329,139,106,3,3,37,19,47,0,0,0,0,,,
B,gavroche-v34-saturated-cap6,300,36,91,7,330,140,106,3,3,37,19,47,0,0,0,0,55.12152777777778,1.3888888888888888,0.0
B,gavroche-v34-saturated-cap6,301,37,93,7,332,141,106,3,3,37,19,47,0,0,0,0,,,
B,gavroche-v34-saturated-cap6,302,36,92,7,333,141,107,3,3,37,19,48,0,0,0,0,,,
B,gavroche-v34-saturated-cap6,303,36,90,7,333,142,108,3,3,37,19,49,0,0,0,0,,,
B,gavroche-v34-saturated-cap6,304,35,89,7,334,142,109,3,3,37,19,50,0,0,0,0,,,
B,gavroche-v34-saturated-cap6,305,35,89,8,336,143,110,3,3,38,19,50,0,0,0,0,,,
B,gavroche-v34-saturated-cap6,306,35,91,8,338,143,110,3,3,38,19,50,0,0,0,0,,,
B,gavroche-v34-saturated-cap6,307,35,94,8,341,143,110,3,3,38,19,50,0,0,0,0,,,
B,gavroche-v34-saturated-cap6,308,36,92,6,342,145,111,3,3,38,19,51,0,0,0,0,,,
B,gavroche-v34-saturated-cap6,309,38,94,4,344,147,111,3,3,38,19,51,0,0,0,0,,,
B,gavroche-v34-saturated-cap6,310,38,90,4,346,149,113,3,3,39,20,51,0,0,0,0,56.25,0.78125,0.0
B,gavroche-v34-saturated-cap6,311,37,90,4,348,149,114,3,3,39,20,52,0,0,0,0,,,
B,gavroche-v34-saturated-cap6,312,36,88,4,349,149,115,3,3,39,20,53,0,0,0,0,,,
B,gavroche-v34-saturated-cap6,313,36,88,4,349,149,115,3,3,39,20,53,0,0,0,0,,,
B,gavroche-v34-saturated-cap6,314,36,90,4,351,149,115,3,3,39,20,53,0,0,0,0,,,
B,gavroche-v34-saturated-cap6,315,36,91,4,352,149,115,3,3,39,20,53,0,0,0,0,,,
B,gavroche-v34-saturated-cap6,316,36,95,5,356,149,115,3,3,39,20,53,0,0,0,0,,,
B,gavroche-v34-saturated-cap6,317,36,97,6,358,149,115,3,3,39,20,53,0,0,0,0,,,
B,gavroche-v34-saturated-cap6,318,37,98,6,359,150,115,3,3,39,20,53,0,0,0,0,,,
B,gavroche-v34-saturated-cap6,319,37,98,6,359,150,115,3,3,39,20,53,0,0,0,0,,,
B,gavroche-v34-saturated-cap6,320,37,98,6,359,150,115,3,3,39,20,53,0,0,0,0,53.732638888888886,2.34375,0.0
B,gavroche-v34-saturated-cap6,321,38,98,6,359,151,115,3,3,39,20,53,0,0,0,0,,,
B,gavroche-v34-saturated-cap6,322,37,96,6,360,151,116,3,3,40,20,53,0,0,0,0,,,
B,gavroche-v34-saturated-cap6,323,38,96,6,360,152,116,3,3,40,20,53,0,0,0,0,,,
B,gavroche-v34-saturated-cap6,324,38,99,7,363,152,116,3,3,40,20,53,0,0,0,0,,,
B,gavroche-v34-saturated-cap6,325,37,97,8,364,152,117,3,3,40,21,53,0,0,0,0,,,
B,gavroche-v34-saturated-cap6,326,36,97,8,366,152,118,3,3,40,22,53,0,0,0,0,,,
B,gavroche-v34-saturated-cap6,327,37,96,8,366,153,118,3,3,40,22,53,0,0,0,0,,,
B,gavroche-v34-saturated-cap6,328,36,94,8,366,153,119,3,3,40,22,54,0,0,0,0,,,
B,gavroche-v34-saturated-cap6,329,35,94,8,368,153,120,3,3,41,22,54,0,0,0,0,,,
B,gavroche-v34-saturated-cap6,330,35,95,9,371,154,121,3,3,41,23,54,0,0,0,0,56.59722222222222,2.0833333333333335,0.0
B,gavroche-v34-saturated-cap6,331,34,97,10,375,154,122,3,3,42,23,54,0,0,0,0,,,
B,gavroche-v34-saturated-cap6,332,35,98,10,376,155,122,3,3,42,23,54,0,0,0,0,,,
B,gavroche-v34-saturated-cap6,333,34,98,10,378,155,123,3,3,42,24,54,0,0,0,0,,,
B,gavroche-v34-saturated-cap6,334,34,100,10,380,155,123,3,3,42,24,54,0,0,0,0,,,
B,gavroche-v34-saturated-cap6,335,35,101,11,381,156,123,3,3,42,24,54,0,0,0,0,,,
B,gavroche-v34-saturated-cap6,336,34,99,11,381,156,124,3,3,42,24,55,0,0,0,0,,,
B,gavroche-v34-saturated-cap6,337,33,98,11,382,156,125,3,3,42,24,56,0,0,0,0,,,
B,gavroche-v34-saturated-cap6,338,34,98,11,382,157,125,3,3,42,24,56,0,0,0,0,,,
B,gavroche-v34-saturated-cap6,339,33,97,11,383,157,126,3,3,42,25,56,0,0,0,0,,,
B,gavroche-v34-saturated-cap6,340,32,97,11,386,157,127,3,3,43,25,56,0,0,0,0,55.55555555555556,2.0833333333333335,0.0
B,gavroche-v34-saturated-cap6,341,34,97,11,386,159,127,3,3,43,25,56,0,0,0,0,,,
B,gavroche-v34-saturated-cap6,342,33,95,11,386,159,128,3,3,44,25,56,0,0,0,0,,,
B,gavroche-v34-saturated-cap6,343,33,96,11,387,159,128,3,3,44,25,56,0,0,0,0,,,
B,gavroche-v34-saturated-cap6,344,32,94,11,387,159,129,3,3,44,25,57,0,0,0,0,,,
B,gavroche-v34-saturated-cap6,345,32,95,11,388,159,129,3,3,44,25,57,0,0,0,0,,,
B,gavroche-v34-saturated-cap6,346,33,95,11,388,160,129,3,3,44,25,57,0,0,0,0,,,
B,gavroche-v34-saturated-cap6,347,32,93,11,389,160,130,3,3,44,25,58,0,0,0,0,,,
B,gavroche-v34-saturated-cap6,348,32,93,11,389,160,130,3,3,44,25,58,0,0,0,0,,,
B,gavroche-v34-saturated-cap6,349,32,93,11,389,160,130,3,3,44,25,58,0,0,0,0,,,
B,gavroche-v34-saturated-cap6,350,31,92,11,390,160,131,3,3,44,26,58,0,0,0,0,55.12152777777778,1.9965277777777777,0.0
B,gavroche-v34-saturated-cap6,351,30,91,11,391,160,132,3,3,44,27,58,0,0,0,0,,,
B,gavroche-v34-saturated-cap6,352,30,92,11,392,160,132,3,3,44,27,58,0,0,0,0,,,
B,gavroche-v34-saturated-cap6,353,31,92,11,392,161,132,3,3,44,27,58,0,0,0,0,,,
B,gavroche-v34-saturated-cap6,354,29,88,11,392,161,134,3,3,44,28,59,0,0,0,0,,,
B,gavroche-v34-saturated-cap6,355,29,90,11,394,161,134,3,3,44,28,59,0,0,0,0,,,
B,gavroche-v34-saturated-cap6,356,29,89,11,394,161,134,3,3,44,28,59,0,0,0,0,,,
B,gavroche-v34-saturated-cap6,357,29,89,11,394,161,134,3,3,44,28,59,0,0,0,0,,,
B,gavroche-v34-saturated-cap6,358,29,89,11,394,161,134,3,3,44,28,59,0,0,0,0,,,
B,gavroche-v34-saturated-cap6,359,29,89,11,394,161,134,3,3,44,28,59,0,0,0,0,,,
B,gavroche-v34-saturated-cap6,360,29,89,11,394,161,134,3,3,44,28,59,0,0,0,0,60.329861111111114,2.2569444444444446,0.0
B,gavroche-v34-saturated-cap6,361,29,90,11,395,161,134,3,3,44,28,59,0,0,0,0,,,
B,gavroche-v34-saturated-cap6,362,30,90,11,395,162,134,3,3,44,28,59,0,0,0,0,,,
B,gavroche-v34-saturated-cap6,363,29,88,11,395,162,135,3,3,44,29,59,0,0,0,0,,,
B,gavroche-v34-saturated-cap6,364,29,88,11,395,162,135,3,3,44,29,59,0,0,0,0,,,
B,gavroche-v34-saturated-cap6,365,29,87,11,395,162,135,3,3,44,29,59,0,0,0,0,,,
B,gavroche-v34-saturated-cap6,366,28,85,11,396,162,136,3,3,44,30,59,0,0,0,0,,,
B,gavroche-v34-saturated-cap6,367,29,86,11,397,163,136,3,3,44,30,59,0,0,0,0,,,
B,gavroche-v34-saturated-cap6,368,30,86,11,397,164,136,3,3,44,30,59,0,0,0,0,,,
B,gavroche-v34-saturated-cap6,369,30,87,12,398,164,136,3,3,44,30,59,0,0,0,0,,,
B,gavroche-v34-saturated-cap6,370,30,87,12,398,164,136,3,3,44,30,59,0,0,0,0,57.03125,2.0833333333333335,0.0
B,gavroche-v34-saturated-cap6,371,30,87,12,398,164,136,3,3,44,30,59,0,0,0,0,,,
B,gavroche-v34-saturated-cap6,372,30,87,12,398,164,136,3,3,44,30,59,0,0,0,0,,,
B,gavroche-v34-saturated-cap6,373,29,83,12,398,164,137,4,4,44,30,59,0,0,0,0,,,
B,gavroche-v34-saturated-cap6,374,29,83,12,398,164,137,4,4,44,30,59,0,0,0,0,,,
B,gavroche-v34-saturated-cap6,375,29,84,13,399,164,137,4,4,44,30,59,0,0,0,0,,,
B,gavroche-v34-saturated-cap6,376,29,84,13,399,164,137,4,4,44,30,59,0,0,0,0,,,
B,gavroche-v34-saturated-cap6,377,29,84,13,399,164,137,4,4,44,30,59,0,0,0,0,,,
B,gavroche-v34-saturated-cap6,378,29,85,13,400,164,137,4,4,44,30,59,0,0,0,0,,,
B,gavroche-v34-saturated-cap6,379,29,87,13,402,164,137,4,4,44,30,59,0,0,0,0,,,
B,gavroche-v34-saturated-cap6,380,30,88,13,403,165,137,4,4,44,30,59,0,0,0,0,58.24652777777778,6.597222222222222,0.0
B,gavroche-v34-saturated-cap6,381,30,89,13,404,165,137,4,4,44,30,59,0,0,0,0,,,
B,gavroche-v34-saturated-cap6,382,30,90,13,405,165,137,4,4,44,30,59,0,0,0,0,,,
B,gavroche-v34-saturated-cap6,383,30,91,13,406,165,137,4,4,44,30,59,0,0,0,0,,,
B,gavroche-v34-saturated-cap6,384,30,91,13,406,165,137,4,4,44,30,59,0,0,0,0,,,
B,gavroche-v34-saturated-cap6,385,29,89,13,406,165,138,4,4,45,30,59,0,0,0,0,,,
B,gavroche-v34-saturated-cap6,386,29,91,13,408,165,138,4,4,45,30,59,0,0,0,0,,,
B,gavroche-v34-saturated-cap6,387,29,91,13,408,165,138,4,4,45,30,59,0,0,0,0,,,
B,gavroche-v34-saturated-cap6,388,27,86,13,408,165,140,4,4,46,30,60,0,0,0,0,,,
B,gavroche-v34-saturated-cap6,389,27,87,13,409,165,140,4,4,46,30,60,0,0,0,0,,,
B,gavroche-v34-saturated-cap6,390,26,86,14,410,165,141,4,4,46,31,60,0,0,0,0,56.25,2.7777777777777777,0.0
B,gavroche-v34-saturated-cap6,391,26,88,14,412,165,141,4,4,46,31,60,0,0,0,0,,,
B,gavroche-v34-saturated-cap6,392,26,90,15,414,165,141,4,4,46,31,60,0,0,0,0,,,
B,gavroche-v34-saturated-cap6,393,26,88,13,415,166,142,4,4,47,31,60,0,0,0,0,,,
B,gavroche-v34-saturated-cap6,394,24,74,6,417,166,144,4,4,47,32,61,0,0,0,0,,,
B,gavroche-v34-saturated-cap6,395,24,74,6,417,166,144,4,4,47,32,61,0,0,0,0,,,
B,gavroche-v34-saturated-cap6,396,24,76,7,419,166,144,4,4,47,32,61,0,0,0,0,,,
B,gavroche-v34-saturated-cap6,397,24,77,7,420,166,144,4,4,47,32,61,0,0,0,0,,,
B,gavroche-v34-saturated-cap6,398,25,81,8,424,167,144,4,4,47,32,61,0,0,0,0,,,
B,gavroche-v34-saturated-cap6,399,26,83,6,426,168,144,4,4,47,32,61,0,0,0,0,,,
B,gavroche-v34-saturated-cap6,400,25,82,6,427,168,145,4,4,48,32,61,0,0,0,0,60.15625,0.1736111111111111,0.0
B,gavroche-v34-saturated-cap6,401,24,81,6,428,168,146,4,4,49,32,61,0,0,0,0,,,
B,gavroche-v34-saturated-cap6,402,24,84,7,431,168,146,4,4,49,32,61,0,0,0,0,,,
B,gavroche-v34-saturated-cap6,403,24,84,7,432,168,146,4,4,49,32,61,0,0,0,0,,,
B,gavroche-v34-saturated-cap6,404,23,83,7,433,168,147,4,4,49,33,61,0,0,0,0,,,
B,gavroche-v34-saturated-cap6,405,23,84,7,434,168,147,4,4,49,33,61,0,0,0,0,,,
B,gavroche-v34-saturated-cap6,406,23,84,7,434,168,147,4,4,49,33,61,0,0,0,0,,,
B,gavroche-v34-saturated-cap6,407,23,84,7,434,168,147,4,4,49,33,61,0,0,0,0,,,
B,gavroche-v34-saturated-cap6,408,23,83,7,434,168,147,4,4,49,33,61,0,0,0,0,,,
B,gavroche-v34-saturated-cap6,409,21,76,7,434,168,149,4,4,51,33,61,0,0,0,0,,,
B,gavroche-v34-saturated-cap6,410,21,77,7,435,168,149,4,4,51,33,61,0,0,0,0,51.822916666666664,5.989583333333333,0.0
B,gavroche-v34-saturated-cap6,411,20,75,7,436,168,150,4,4,51,34,61,0,0,0,0,,,
B,gavroche-v34-saturated-cap6,412,20,76,7,437,168,150,4,4,51,34,61,0,0,0,0,,,
B,gavroche-v34-saturated-cap6,413,20,77,7,438,168,150,4,4,51,34,61,0,0,0,0,,,
B,gavroche-v34-saturated-cap6,414,20,77,7,438,168,150,4,4,51,34,61,0,0,0,0,,,
B,gavroche-v34-saturated-cap6,415,20,78,7,439,168,150,4,4,51,34,61,0,0,0,0,,,
B,gavroche-v34-saturated-cap6,416,20,80,7,441,168,150,4,4,51,34,61,0,0,0,0,,,
B,gavroche-v34-saturated-cap6,417,20,81,7,442,168,150,4,4,51,34,61,0,0,0,0,,,
B,gavroche-v34-saturated-cap6,418,20,82,7,443,168,150,4,4,51,34,61,0,0,0,0,,,
B,gavroche-v34-saturated-cap6,419,20,82,7,443,168,150,4,4,51,34,61,0,0,0,0,,,
B,gavroche-v34-saturated-cap6,420,19,82,7,445,168,151,4,4,51,35,61,0,0,0,0,48.697916666666664,1.5625,0.0
B,gavroche-v34-saturated-cap6,421,18,81,7,447,168,152,4,4,51,36,61,0,0,0,0,,,
B,gavroche-v34-saturated-cap6,422,15,70,7,448,168,155,4,4,51,39,61,0,0,0,0,,,
B,gavroche-v34-saturated-cap6,423,14,68,7,449,168,156,4,4,51,40,61,0,0,0,0,,,
B,gavroche-v34-saturated-cap6,424,11,60,8,454,168,159,4,4,51,43,61,0,0,0,0,,,
B,gavroche-v34-saturated-cap6,425,11,60,8,454,168,159,4,4,51,43,61,0,0,0,0,,,
B,gavroche-v34-saturated-cap6,426,11,63,9,457,168,159,4,4,51,43,61,0,0,0,0,,,
B,gavroche-v34-saturated-cap6,427,11,64,9,458,168,159,4,4,51,43,61,0,0,0,0,,,
B,gavroche-v34-saturated-cap6,428,11,66,10,460,168,159,4,4,51,43,61,0,0,0,0,,,
B,gavroche-v34-saturated-cap6,429,11,68,10,462,168,159,4,4,51,43,61,0,0,0,0,,,
B,gavroche-v34-saturated-cap6,430,12,70,11,464,169,159,4,4,51,43,61,0,0,0,0,43.31597222222222,1.5625,0.0
B,gavroche-v34-saturated-cap6,431,11,69,11,465,169,160,4,4,51,43,62,0,0,0,0,,,
B,gavroche-v34-saturated-cap6,432,10,64,11,465,169,161,4,4,51,44,62,0,0,0,0,,,
B,gavroche-v34-saturated-cap6,433,9,60,11,466,169,162,4,4,51,45,62,0,0,0,0,,,
B,gavroche-v34-saturated-cap6,434,9,60,11,466,169,162,4,4,51,45,62,0,0,0,0,,,
B,gavroche-v34-saturated-cap6,435,8,57,11,467,169,163,4,4,51,46,62,0,0,0,0,,,
B,gavroche-v34-saturated-cap6,436,8,59,12,469,169,163,4,4,51,46,62,0,0,0,0,,,
B,gavroche-v34-saturated-cap6,437,8,60,12,470,169,163,4,4,51,46,62,0,0,0,0,,,
B,gavroche-v34-saturated-cap6,438,8,61,13,471,169,163,4,4,51,46,62,0,0,0,0,,,
B,gavroche-v34-saturated-cap6,439,8,61,13,471,169,163,4,4,51,46,62,0,0,0,0,,,
B,gavroche-v34-saturated-cap6,440,8,63,14,473,169,163,4,4,51,46,62,0,0,0,0,40.798611111111114,1.6493055555555556,0.0
B,gavroche-v34-saturated-cap6,441,8,63,14,473,169,163,4,4,51,46,62,0,0,0,0,,,
B,gavroche-v34-saturated-cap6,442,7,59,15,475,169,164,5,5,51,46,62,0,0,0,0,,,
B,gavroche-v34-saturated-cap6,443,7,59,15,475,169,164,5,5,51,46,62,0,0,0,0,,,
B,gavroche-v34-saturated-cap6,444,7,61,16,477,169,164,5,5,51,46,62,0,0,0,0,,,
B,gavroche-v34-saturated-cap6,445,7,63,16,479,169,164,5,5,51,46,62,0,0,0,0,,,
B,gavroche-v34-saturated-cap6,446,6,51,16,480,169,165,5,5,51,47,62,0,0,0,0,,,
B,gavroche-v34-saturated-cap6,447,5,42,16,480,169,166,5,5,51,48,62,0,0,0,0,,,
B,gavroche-v34-saturated-cap6,448,5,46,17,484,169,166,5,5,51,48,62,0,0,0,0,,,
B,gavroche-v34-saturated-cap6,449,4,34,18,485,169,167,5,5,51,49,62,0,0,0,0,,,
B,gavroche-v34-saturated-cap6,450,3,28,19,486,169,168,5,5,51,50,62,0,0,0,0,47.74305555555556,4.774305555555555,0.0
B,gavroche-v34-saturated-cap6,451,3,29,20,487,169,168,5,5,51,50,62,0,0,0,0,,,
B,gavroche-v34-saturated-cap6,452,3,30,21,488,169,168,5,5,51,50,62,0,0,0,0,,,
B,gavroche-v34-saturated-cap6,453,3,32,22,490,169,168,5,5,51,50,62,0,0,0,0,,,
B,gavroche-v34-saturated-cap6,454,3,33,22,491,169,168,5,5,51,50,62,0,0,0,0,,,
B,gavroche-v34-saturated-cap6,455,3,35,23,493,169,168,5,5,51,50,62,0,0,0,0,,,
B,gavroche-v34-saturated-cap6,456,3,35,23,493,169,168,5,5,51,50,62,0,0,0,0,,,
B,gavroche-v34-saturated-cap6,457,3,37,24,495,169,168,5,5,51,50,62,0,0,0,0,,,
B,gavroche-v34-saturated-cap6,458,3,37,24,495,169,168,5,5,51,50,62,0,0,0,0,,,
B,gavroche-v34-saturated-cap6,459,3,39,25,497,169,168,5,5,51,50,62,0,0,0,0,,,
B,gavroche-v34-saturated-cap6,460,3,39,25,497,169,168,5,5,51,50,62,0,0,0,0,47.74305555555556,2.34375,0.0
B,gavroche-v34-saturated-cap6,461,3,40,26,498,169,168,5,5,51,50,62,0,0,0,0,,,
B,gavroche-v34-saturated-cap6,462,3,41,26,499,169,168,5,5,51,50,62,0,0,0,0,,,
B,gavroche-v34-saturated-cap6,463,3,42,27,500,169,168,5,5,51,50,62,0,0,0,0,,,
B,gavroche-v34-saturated-cap6,464,3,43,27,501,169,168,5,5,51,50,62,0,0,0,0,,,
B,gavroche-v34-saturated-cap6,465,3,44,28,502,169,168,5,5,51,50,62,0,0,0,0,,,
B,gavroche-v34-saturated-cap6,466,3,44,28,502,169,168,5,5,51,50,62,0,0,0,0,,,
B,gavroche-v34-saturated-cap6,467,3,44,28,502,169,168,5,5,51,50,62,0,0,0,0,,,
B,gavroche-v34-saturated-cap6,468,3,45,29,503,169,168,5,5,51,50,62,0,0,0,0,,,
B,gavroche-v34-saturated-cap6,469,3,45,29,503,169,168,5,5,51,50,62,0,0,0,0,,,
B,gavroche-v34-saturated-cap6,470,3,45,29,503,169,168,5,5,51,50,62,0,0,0,0,43.576388888888886,1.9965277777777777,0.0
B,gavroche-v34-saturated-cap6,471,3,46,30,504,169,168,5,5,51,50,62,0,0,0,0,,,
B,gavroche-v34-saturated-cap6,472,3,47,31,505,169,168,5,5,51,50,62,0,0,0,0,,,
B,gavroche-v34-saturated-cap6,473,3,48,32,506,169,168,5,5,51,50,62,0,0,0,0,,,
B,gavroche-v34-saturated-cap6,474,3,49,33,507,169,168,5,5,51,50,62,0,0,0,0,,,
B,gavroche-v34-saturated-cap6,475,3,50,34,508,169,168,5,5,51,50,62,0,0,0,0,,,
B,gavroche-v34-saturated-cap6,476,3,50,34,508,169,168,5,5,51,50,62,0,0,0,0,,,
B,gavroche-v34-saturated-cap6,477,3,50,34,508,169,168,5,5,51,50,62,0,0,0,0,,,
B,gavroche-v34-saturated-cap6,478,3,51,35,509,169,168,5,5,51,50,62,0,0,0,0,,,
B,gavroche-v34-saturated-cap6,479,3,52,36,510,169,168,5,5,51,50,62,0,0,0,0,,,
B,gavroche-v34-saturated-cap6,480,3,53,37,511,169,168,5,5,51,50,62,0,0,0,0,44.09722222222222,7.638888888888889,0.0
B,gavroche-v34-saturated-cap6,481,3,54,38,512,169,168,5,5,51,50,62,0,0,0,0,,,
B,gavroche-v34-saturated-cap6,482,3,55,39,513,169,168,5,5,51,50,62,0,0,0,0,,,
B,gavroche-v34-saturated-cap6,483,3,56,40,514,169,168,5,5,51,50,62,0,0,0,0,,,
B,gavroche-v34-saturated-cap6,484,3,57,41,515,169,168,5,5,51,50,62,0,0,0,0,,,
B,gavroche-v34-saturated-cap6,485,3,58,42,516,169,168,5,5,51,50,62,0,0,0,0,,,
B,gavroche-v34-saturated-cap6,486,3,58,42,516,169,168,5,5,51,50,62,0,0,0,0,,,
B,gavroche-v34-saturated-cap6,487,3,58,42,516,169,168,5,5,51,50,62,0,0,0,0,,,
B,gavroche-v34-saturated-cap6,488,3,59,43,517,169,168,5,5,51,50,62,0,0,0,0,,,
B,gavroche-v34-saturated-cap6,489,3,60,44,518,169,168,5,5,51,50,62,0,0,0,0,,,
B,gavroche-v34-saturated-cap6,490,3,60,44,518,169,168,5,5,51,50,62,0,0,0,0,40.19097222222222,13.194444444444445,0.0
B,gavroche-v34-saturated-cap6,491,3,61,45,519,169,168,5,5,51,50,62,0,0,0,0,,,
B,gavroche-v34-saturated-cap6,492,3,62,46,520,169,168,5,5,51,50,62,0,0,0,0,,,
B,gavroche-v34-saturated-cap6,493,3,63,47,521,169,168,5,5,51,50,62,0,0,0,0,,,
B,gavroche-v34-saturated-cap6,494,3,64,48,522,169,168,5,5,51,50,62,0,0,0,0,,,
B,gavroche-v34-saturated-cap6,495,3,64,48,522,169,168,5,5,51,50,62,0,0,0,0,,,
B,gavroche-v34-saturated-cap6,496,3,65,49,523,169,168,5,5,51,50,62,0,0,0,0,,,
B,gavroche-v34-saturated-cap6,497,3,66,50,524,169,168,5,5,51,50,62,0,0,0,0,,,
B,gavroche-v34-saturated-cap6,498,3,67,51,525,169,168,5,5,51,50,62,0,0,0,0,,,
B,gavroche-v34-saturated-cap6,499,3,68,52,526,169,168,5,5,51,50,62,0,0,0,0,,,
B,gavroche-v34-saturated-cap6,500,3,68,52,526,169,168,5,5,51,50,62,0,0,0,0,41.232638888888886,8.76736111111111,0.0
