team,bot,round,units,total,longest,pearls,splits,deaths,enemy_kills,killed_by_enemy,team_kills,self_collisions,wall_deaths,invalid_action_deaths,suicides,tle,unattributed_collision_deaths,space_share,space_tied,space_unreachable
A,gavroche-v66-supported-safe,0,2,8,4,0,0,0,0,0,0,0,0,0,0,0,0,49.56597222222222,0.1736111111111111,0.6944444444444444
A,gavroche-v66-supported-safe,1,4,8,2,0,2,0,0,0,0,0,0,0,0,0,0,,,
A,gavroche-v66-supported-safe,2,4,8,2,0,2,0,0,0,0,0,0,0,0,0,0,,,
A,gavroche-v66-supported-safe,3,4,8,2,0,2,0,0,0,0,0,0,0,0,0,0,,,
A,gavroche-v66-supported-safe,4,4,8,2,0,2,0,0,0,0,0,0,0,0,0,0,,,
A,gavroche-v66-supported-safe,5,4,8,2,0,2,0,0,0,0,0,0,0,0,0,0,,,
A,gavroche-v66-supported-safe,6,4,8,2,0,2,0,0,0,0,0,0,0,0,0,0,,,
A,gavroche-v66-supported-safe,7,4,8,2,0,2,0,0,0,0,0,0,0,0,0,0,,,
A,gavroche-v66-supported-safe,8,4,8,2,0,2,0,0,0,0,0,0,0,0,0,0,,,
A,gavroche-v66-supported-safe,9,4,8,2,0,2,0,0,0,0,0,0,0,0,0,0,,,
A,gavroche-v66-supported-safe,10,4,8,2,0,2,0,0,0,0,0,0,0,0,0,0,39.49652777777778,1.3020833333333333,0.6944444444444444
A,gavroche-v66-supported-safe,11,4,8,2,0,2,0,0,0,0,0,0,0,0,0,0,,,
A,gavroche-v66-supported-safe,12,4,8,2,0,2,0,0,0,0,0,0,0,0,0,0,,,
A,gavroche-v66-supported-safe,13,4,8,2,0,2,0,0,0,0,0,0,0,0,0,0,,,
A,gavroche-v66-supported-safe,14,4,8,2,0,2,0,0,0,0,0,0,0,0,0,0,,,
A,gavroche-v66-supported-safe,15,4,8,2,0,2,0,0,0,0,0,0,0,0,0,0,,,
A,gavroche-v66-supported-safe,16,4,8,2,0,2,0,0,0,0,0,0,0,0,0,0,,,
A,gavroche-v66-supported-safe,17,4,8,2,0,2,0,0,0,0,0,0,0,0,0,0,,,
A,gavroche-v66-supported-safe,18,4,8,2,0,2,0,0,0,0,0,0,0,0,0,0,,,
A,gavroche-v66-supported-safe,19,4,8,2,0,2,0,0,0,0,0,0,0,0,0,0,,,
A,gavroche-v66-supported-safe,20,4,8,2,0,2,0,0,0,0,0,0,0,0,0,0,38.107638888888886,0.1736111111111111,0.6944444444444444
A,gavroche-v66-supported-safe,21,4,8,2,0,2,0,0,0,0,0,0,0,0,0,0,,,
A,gavroche-v66-supported-safe,22,4,8,2,0,2,0,0,0,0,0,0,0,0,0,0,,,
A,gavroche-v66-supported-safe,23,4,8,2,0,2,0,0,0,0,0,0,0,0,0,0,,,
A,gavroche-v66-supported-safe,24,4,8,2,0,2,0,0,0,0,0,0,0,0,0,0,,,
A,gavroche-v66-supported-safe,25,4,8,2,0,2,0,0,0,0,0,0,0,0,0,0,,,
A,gavroche-v66-supported-safe,26,4,8,2,0,2,0,0,0,0,0,0,0,0,0,0,,,
A,gavroche-v66-supported-safe,27,4,8,2,0,2,0,0,0,0,0,0,0,0,0,0,,,
A,gavroche-v66-supported-safe,28,4,8,2,0,2,0,0,0,0,0,0,0,0,0,0,,,
A,gavroche-v66-supported-safe,29,4,8,2,0,2,0,0,0,0,0,0,0,0,0,0,,,
A,gavroche-v66-supported-safe,30,4,8,2,0,2,0,0,0,0,0,0,0,0,0,0,40.364583333333336,1.6493055555555556,0.6944444444444444
A,gavroche-v66-supported-safe,31,4,8,2,0,2,0,0,0,0,0,0,0,0,0,0,,,
A,gavroche-v66-supported-safe,32,4,8,2,0,2,0,0,0,0,0,0,0,0,0,0,,,
A,gavroche-v66-supported-safe,33,4,8,2,0,2,0,0,0,0,0,0,0,0,0,0,,,
A,gavroche-v66-supported-safe,34,4,8,2,0,2,0,0,0,0,0,0,0,0,0,0,,,
A,gavroche-v66-supported-safe,35,4,8,2,0,2,0,0,0,0,0,0,0,0,0,0,,,
A,gavroche-v66-supported-safe,36,4,8,2,0,2,0,0,0,0,0,0,0,0,0,0,,,
A,gavroche-v66-supported-safe,37,4,8,2,0,2,0,0,0,0,0,0,0,0,0,0,,,
A,gavroche-v66-supported-safe,38,4,8,2,0,2,0,0,0,0,0,0,0,0,0,0,,,
A,gavroche-v66-supported-safe,39,4,8,2,0,2,0,0,0,0,0,0,0,0,0,0,,,
A,gavroche-v66-supported-safe,40,4,8,2,0,2,0,0,0,0,0,0,0,0,0,0,40.364583333333336,0.0,0.6944444444444444
A,gavroche-v66-supported-safe,41,4,8,2,0,2,0,0,0,0,0,0,0,0,0,0,,,
A,gavroche-v66-supported-safe,42,4,8,2,0,2,0,0,0,0,0,0,0,0,0,0,,,
A,gavroche-v66-supported-safe,43,4,8,2,0,2,0,0,0,0,0,0,0,0,0,0,,,
A,gavroche-v66-supported-safe,44,4,8,2,0,2,0,0,0,0,0,0,0,0,0,0,,,
A,gavroche-v66-supported-safe,45,4,9,3,1,2,0,0,0,0,0,0,0,0,0,0,,,
A,gavroche-v66-supported-safe,46,4,9,3,1,2,0,0,0,0,0,0,0,0,0,0,,,
A,gavroche-v66-supported-safe,47,4,9,3,1,2,0,0,0,0,0,0,0,0,0,0,,,
A,gavroche-v66-supported-safe,48,4,9,3,1,2,0,0,0,0,0,0,0,0,0,0,,,
A,gavroche-v66-supported-safe,49,4,9,3,1,2,0,0,0,0,0,0,0,0,0,0,,,
A,gavroche-v66-supported-safe,50,4,9,3,1,2,0,0,0,0,0,0,0,0,0,0,37.326388888888886,0.3472222222222222,0.6944444444444444
A,gavroche-v66-supported-safe,51,4,9,3,1,2,0,0,0,0,0,0,0,0,0,0,,,
A,gavroche-v66-supported-safe,52,4,9,3,1,2,0,0,0,0,0,0,0,0,0,0,,,
A,gavroche-v66-supported-safe,53,4,9,3,1,2,0,0,0,0,0,0,0,0,0,0,,,
A,gavroche-v66-supported-safe,54,4,9,3,1,2,0,0,0,0,0,0,0,0,0,0,,,
A,gavroche-v66-supported-safe,55,4,9,3,1,2,0,0,0,0,0,0,0,0,0,0,,,
A,gavroche-v66-supported-safe,56,4,9,3,1,2,0,0,0,0,0,0,0,0,0,0,,,
A,gavroche-v66-supported-safe,57,4,9,3,1,2,0,0,0,0,0,0,0,0,0,0,,,
A,gavroche-v66-supported-safe,58,4,9,3,1,2,0,0,0,0,0,0,0,0,0,0,,,
A,gavroche-v66-supported-safe,59,4,9,3,1,2,0,0,0,0,0,0,0,0,0,0,,,
A,gavroche-v66-supported-safe,60,4,9,3,1,2,0,0,0,0,0,0,0,0,0,0,34.201388888888886,0.9548611111111112,0.6944444444444444
A,gavroche-v66-supported-safe,61,4,9,3,1,2,0,0,0,0,0,0,0,0,0,0,,,
A,gavroche-v66-supported-safe,62,4,9,3,1,2,0,0,0,0,0,0,0,0,0,0,,,
A,gavroche-v66-supported-safe,63,4,9,3,1,2,0,0,0,0,0,0,0,0,0,0,,,
A,gavroche-v66-supported-safe,64,4,9,3,1,2,0,0,0,0,0,0,0,0,0,0,,,
A,gavroche-v66-supported-safe,65,4,9,3,1,2,0,0,0,0,0,0,0,0,0,0,,,
A,gavroche-v66-supported-safe,66,4,9,3,1,2,0,0,0,0,0,0,0,0,0,0,,,
A,gavroche-v66-supported-safe,67,4,9,3,1,2,0,0,0,0,0,0,0,0,0,0,,,
A,gavroche-v66-supported-safe,68,4,9,3,1,2,0,0,0,0,0,0,0,0,0,0,,,
A,gavroche-v66-supported-safe,69,4,9,3,1,2,0,0,0,0,0,0,0,0,0,0,,,
A,gavroche-v66-supported-safe,70,4,9,3,1,2,0,0,0,0,0,0,0,0,0,0,34.114583333333336,0.0,0.6944444444444444
A,gavroche-v66-supported-safe,71,4,9,3,1,2,0,0,0,0,0,0,0,0,0,0,,,
A,gavroche-v66-supported-safe,72,4,9,3,1,2,0,0,0,0,0,0,0,0,0,0,,,
A,gavroche-v66-supported-safe,73,4,9,3,1,2,0,0,0,0,0,0,0,0,0,0,,,
A,gavroche-v66-supported-safe,74,4,9,3,1,2,0,0,0,0,0,0,0,0,0,0,,,
A,gavroche-v66-supported-safe,75,4,9,3,1,2,0,0,0,0,0,0,0,0,0,0,,,
A,gavroche-v66-supported-safe,76,4,9,3,1,2,0,0,0,0,0,0,0,0,0,0,,,
A,gavroche-v66-supported-safe,77,4,9,3,1,2,0,0,0,0,0,0,0,0,0,0,,,
A,gavroche-v66-supported-safe,78,4,9,3,1,2,0,0,0,0,0,0,0,0,0,0,,,
A,gavroche-v66-supported-safe,79,4,9,3,1,2,0,0,0,0,0,0,0,0,0,0,,,
A,gavroche-v66-supported-safe,80,4,9,3,1,2,0,0,0,0,0,0,0,0,0,0,36.63194444444444,0.2604166666666667,0.6944444444444444
A,gavroche-v66-supported-safe,81,4,9,3,1,2,0,0,0,0,0,0,0,0,0,0,,,
A,gavroche-v66-supported-safe,82,4,10,3,2,2,0,0,0,0,0,0,0,0,0,0,,,
A,gavroche-v66-supported-safe,83,4,10,3,2,2,0,0,0,0,0,0,0,0,0,0,,,
A,gavroche-v66-supported-safe,84,4,10,3,2,2,0,0,0,0,0,0,0,0,0,0,,,
A,gavroche-v66-supported-safe,85,4,10,3,2,2,0,0,0,0,0,0,0,0,0,0,,,
A,gavroche-v66-supported-safe,86,4,10,3,2,2,0,0,0,0,0,0,0,0,0,0,,,
A,gavroche-v66-supported-safe,87,4,10,3,2,2,0,0,0,0,0,0,0,0,0,0,,,
A,gavroche-v66-supported-safe,88,4,10,3,2,2,0,0,0,0,0,0,0,0,0,0,,,
A,gavroche-v66-supported-safe,89,4,10,3,2,2,0,0,0,0,0,0,0,0,0,0,,,
A,gavroche-v66-supported-safe,90,4,10,3,2,2,0,0,0,0,0,0,0,0,0,0,42.53472222222222,0.2604166666666667,0.6944444444444444
A,gavroche-v66-supported-safe,91,4,10,3,2,2,0,0,0,0,0,0,0,0,0,0,,,
A,gavroche-v66-supported-safe,92,4,10,3,2,2,0,0,0,0,0,0,0,0,0,0,,,
A,gavroche-v66-supported-safe,93,4,10,3,2,2,0,0,0,0,0,0,0,0,0,0,,,
A,gavroche-v66-supported-safe,94,4,10,3,2,2,0,0,0,0,0,0,0,0,0,0,,,
A,gavroche-v66-supported-safe,95,4,10,3,2,2,0,0,0,0,0,0,0,0,0,0,,,
A,gavroche-v66-supported-safe,96,4,10,3,2,2,0,0,0,0,0,0,0,0,0,0,,,
A,gavroche-v66-supported-safe,97,4,10,3,2,2,0,0,0,0,0,0,0,0,0,0,,,
A,gavroche-v66-supported-safe,98,4,10,3,2,2,0,0,0,0,0,0,0,0,0,0,,,
A,gavroche-v66-supported-safe,99,4,11,4,3,2,0,0,0,0,0,0,0,0,0,0,,,
A,gavroche-v66-supported-safe,100,5,11,3,3,3,0,0,0,0,0,0,0,0,0,0,42.53472222222222,0.0,0.6944444444444444
A,gavroche-v66-supported-safe,101,5,12,3,4,3,0,0,0,0,0,0,0,0,0,0,,,
A,gavroche-v66-supported-safe,102,5,13,4,5,3,0,0,0,0,0,0,0,0,0,0,,,
A,gavroche-v66-supported-safe,103,6,13,3,5,4,0,0,0,0,0,0,0,0,0,0,,,
A,gavroche-v66-supported-safe,104,6,14,3,6,4,0,0,0,0,0,0,0,0,0,0,,,
A,gavroche-v66-supported-safe,105,6,15,4,7,4,0,0,0,0,0,0,0,0,0,0,,,
A,gavroche-v66-supported-safe,106,6,16,5,8,4,0,0,0,0,0,0,0,0,0,0,,,
A,gavroche-v66-supported-safe,107,7,17,3,9,5,0,0,0,0,0,0,0,0,0,0,,,
A,gavroche-v66-supported-safe,108,6,14,3,9,5,1,0,0,0,0,1,0,0,0,0,,,
A,gavroche-v66-supported-safe,109,6,14,3,9,5,1,0,0,0,0,1,0,0,0,0,,,
A,gavroche-v66-supported-safe,110,6,14,3,9,5,1,0,0,0,0,1,0,0,0,0,37.58680555555556,0.08680555555555555,0.6944444444444444
A,gavroche-v66-supported-safe,111,6,14,3,9,5,1,0,0,0,0,1,0,0,0,0,,,
A,gavroche-v66-supported-safe,112,6,14,3,9,5,1,0,0,0,0,1,0,0,0,0,,,
A,gavroche-v66-supported-safe,113,6,14,3,9,5,1,0,0,0,0,1,0,0,0,0,,,
A,gavroche-v66-supported-safe,114,6,14,3,9,5,1,0,0,0,0,1,0,0,0,0,,,
A,gavroche-v66-supported-safe,115,6,14,3,9,5,1,0,0,0,0,1,0,0,0,0,,,
A,gavroche-v66-supported-safe,116,6,14,3,9,5,1,0,0,0,0,1,0,0,0,0,,,
A,gavroche-v66-supported-safe,117,6,14,3,9,5,1,0,0,0,0,1,0,0,0,0,,,
A,gavroche-v66-supported-safe,118,6,14,3,9,5,1,0,0,0,0,1,0,0,0,0,,,
A,gavroche-v66-supported-safe,119,6,14,3,9,5,1,0,0,0,0,1,0,0,0,0,,,
A,gavroche-v66-supported-safe,120,6,14,3,9,5,1,0,0,0,0,1,0,0,0,0,34.72222222222222,1.0416666666666667,0.6944444444444444
A,gavroche-v66-supported-safe,121,6,14,3,9,5,1,0,0,0,0,1,0,0,0,0,,,
A,gavroche-v66-supported-safe,122,6,14,3,9,5,1,0,0,0,0,1,0,0,0,0,,,
A,gavroche-v66-supported-safe,123,6,14,3,9,5,1,0,0,0,0,1,0,0,0,0,,,
A,gavroche-v66-supported-safe,124,6,14,3,9,5,1,0,0,0,0,1,0,0,0,0,,,
A,gavroche-v66-supported-safe,125,6,14,3,9,5,1,0,0,0,0,1,0,0,0,0,,,
A,gavroche-v66-supported-safe,126,6,14,3,9,5,1,0,0,0,0,1,0,0,0,0,,,
A,gavroche-v66-supported-safe,127,6,14,3,9,5,1,0,0,0,0,1,0,0,0,0,,,
A,gavroche-v66-supported-safe,128,6,14,3,9,5,1,0,0,0,0,1,0,0,0,0,,,
A,gavroche-v66-supported-safe,129,6,14,3,9,5,1,0,0,0,0,1,0,0,0,0,,,
A,gavroche-v66-supported-safe,130,6,14,3,9,5,1,0,0,0,0,1,0,0,0,0,34.114583333333336,0.08680555555555555,0.6944444444444444
A,gavroche-v66-supported-safe,131,6,14,3,9,5,1,0,0,0,0,1,0,0,0,0,,,
A,gavroche-v66-supported-safe,132,6,16,4,11,5,1,0,0,0,0,1,0,0,0,0,,,
A,gavroche-v66-supported-safe,133,8,16,2,11,7,1,0,0,0,0,1,0,0,0,0,,,
A,gavroche-v66-supported-safe,134,8,16,2,11,7,1,0,0,0,0,1,0,0,0,0,,,
A,gavroche-v66-supported-safe,135,8,16,2,11,7,1,0,0,0,0,1,0,0,0,0,,,
A,gavroche-v66-supported-safe,136,8,16,2,11,7,1,0,0,0,0,1,0,0,0,0,,,
A,gavroche-v66-supported-safe,137,8,16,2,11,7,1,0,0,0,0,1,0,0,0,0,,,
A,gavroche-v66-supported-safe,138,8,16,2,11,7,1,0,0,0,0,1,0,0,0,0,,,
A,gavroche-v66-supported-safe,139,8,16,2,11,7,1,0,0,0,0,1,0,0,0,0,,,
A,gavroche-v66-supported-safe,140,8,16,2,11,7,1,0,0,0,0,1,0,0,0,0,32.72569444444444,0.0,0.6944444444444444
A,gavroche-v66-supported-safe,141,8,16,2,11,7,1,0,0,0,0,1,0,0,0,0,,,
A,gavroche-v66-supported-safe,142,8,16,2,11,7,1,0,0,0,0,1,0,0,0,0,,,
A,gavroche-v66-supported-safe,143,8,16,2,11,7,1,0,0,0,0,1,0,0,0,0,,,
A,gavroche-v66-supported-safe,144,8,16,2,11,7,1,0,0,0,0,1,0,0,0,0,,,
A,gavroche-v66-supported-safe,145,8,16,2,11,7,1,0,0,0,0,1,0,0,0,0,,,
A,gavroche-v66-supported-safe,146,8,16,2,11,7,1,0,0,0,0,1,0,0,0,0,,,
A,gavroche-v66-supported-safe,147,8,16,2,11,7,1,0,0,0,0,1,0,0,0,0,,,
A,gavroche-v66-supported-safe,148,8,16,2,11,7,1,0,0,0,0,1,0,0,0,0,,,
A,gavroche-v66-supported-safe,149,8,16,2,11,7,1,0,0,0,0,1,0,0,0,0,,,
A,gavroche-v66-supported-safe,150,8,16,2,11,7,1,0,0,0,0,1,0,0,0,0,32.291666666666664,0.2604166666666667,0.6944444444444444
A,gavroche-v66-supported-safe,151,8,16,2,11,7,1,0,0,0,0,1,0,0,0,0,,,
A,gavroche-v66-supported-safe,152,8,17,3,12,7,1,0,0,0,0,1,0,0,0,0,,,
A,gavroche-v66-supported-safe,153,8,17,3,12,7,1,0,0,0,0,1,0,0,0,0,,,
A,gavroche-v66-supported-safe,154,8,17,3,12,7,1,0,0,0,0,1,0,0,0,0,,,
A,gavroche-v66-supported-safe,155,8,17,3,12,7,1,0,0,0,0,1,0,0,0,0,,,
A,gavroche-v66-supported-safe,156,8,17,3,12,7,1,0,0,0,0,1,0,0,0,0,,,
A,gavroche-v66-supported-safe,157,8,17,3,12,7,1,0,0,0,0,1,0,0,0,0,,,
A,gavroche-v66-supported-safe,158,8,17,3,12,7,1,0,0,0,0,1,0,0,0,0,,,
A,gavroche-v66-supported-safe,159,8,17,3,12,7,1,0,0,0,0,1,0,0,0,0,,,
A,gavroche-v66-supported-safe,160,8,17,3,12,7,1,0,0,0,0,1,0,0,0,0,32.204861111111114,0.2604166666666667,0.6944444444444444
A,gavroche-v66-supported-safe,161,8,17,3,12,7,1,0,0,0,0,1,0,0,0,0,,,
A,gavroche-v66-supported-safe,162,8,17,3,12,7,1,0,0,0,0,1,0,0,0,0,,,
A,gavroche-v66-supported-safe,163,8,17,3,12,7,1,0,0,0,0,1,0,0,0,0,,,
A,gavroche-v66-supported-safe,164,8,17,3,12,7,1,0,0,0,0,1,0,0,0,0,,,
A,gavroche-v66-supported-safe,165,7,15,3,12,7,2,0,0,0,0,2,0,0,0,0,,,
A,gavroche-v66-supported-safe,166,7,15,3,12,7,2,0,0,0,0,2,0,0,0,0,,,
A,gavroche-v66-supported-safe,167,7,15,3,12,7,2,0,0,0,0,2,0,0,0,0,,,
A,gavroche-v66-supported-safe,168,7,15,3,12,7,2,0,0,0,0,2,0,0,0,0,,,
A,gavroche-v66-supported-safe,169,7,16,3,13,7,2,0,0,0,0,2,0,0,0,0,,,
A,gavroche-v66-supported-safe,170,7,16,3,13,7,2,0,0,0,0,2,0,0,0,0,31.770833333333332,0.1736111111111111,0.6944444444444444
A,gavroche-v66-supported-safe,171,7,16,3,13,7,2,0,0,0,0,2,0,0,0,0,,,
A,gavroche-v66-supported-safe,172,7,17,3,14,7,2,0,0,0,0,2,0,0,0,0,,,
A,gavroche-v66-supported-safe,173,7,18,4,15,7,2,0,0,0,0,2,0,0,0,0,,,
A,gavroche-v66-supported-safe,174,8,18,3,15,8,2,0,0,0,0,2,0,0,0,0,,,
A,gavroche-v66-supported-safe,175,8,20,3,17,8,2,0,0,0,0,2,0,0,0,0,,,
A,gavroche-v66-supported-safe,176,8,20,3,17,8,2,0,0,0,0,2,0,0,0,0,,,
A,gavroche-v66-supported-safe,177,8,20,3,17,8,2,0,0,0,0,2,0,0,0,0,,,
A,gavroche-v66-supported-safe,178,8,20,3,17,8,2,0,0,0,0,2,0,0,0,0,,,
A,gavroche-v66-supported-safe,179,8,20,3,17,8,2,0,0,0,0,2,0,0,0,0,,,
A,gavroche-v66-supported-safe,180,8,20,3,17,8,2,0,0,0,0,2,0,0,0,0,32.638888888888886,0.4340277777777778,0.6944444444444444
A,gavroche-v66-supported-safe,181,8,20,3,17,8,2,0,0,0,0,2,0,0,0,0,,,
A,gavroche-v66-supported-safe,182,8,20,3,17,8,2,0,0,0,0,2,0,0,0,0,,,
A,gavroche-v66-supported-safe,183,8,20,3,17,8,2,0,0,0,0,2,0,0,0,0,,,
A,gavroche-v66-supported-safe,184,8,20,3,17,8,2,0,0,0,0,2,0,0,0,0,,,
A,gavroche-v66-supported-safe,185,8,20,3,17,8,2,0,0,0,0,2,0,0,0,0,,,
A,gavroche-v66-supported-safe,186,8,21,3,18,8,2,0,0,0,0,2,0,0,0,0,,,
A,gavroche-v66-supported-safe,187,8,22,4,19,8,2,0,0,0,0,2,0,0,0,0,,,
A,gavroche-v66-supported-safe,188,9,22,3,19,9,2,0,0,0,0,2,0,0,0,0,,,
A,gavroche-v66-supported-safe,189,9,24,3,21,9,2,0,0,0,0,2,0,0,0,0,,,
A,gavroche-v66-supported-safe,190,9,26,4,23,9,2,0,0,0,0,2,0,0,0,0,32.11805555555556,0.1736111111111111,0.6944444444444444
A,gavroche-v66-supported-safe,191,11,26,3,23,11,2,0,0,0,0,2,0,0,0,0,,,
A,gavroche-v66-supported-safe,192,10,25,3,24,11,3,0,0,1,0,2,0,0,0,0,,,
A,gavroche-v66-supported-safe,193,10,27,4,26,11,3,0,0,1,0,2,0,0,0,0,,,
A,gavroche-v66-supported-safe,194,12,27,3,26,13,3,0,0,1,0,2,0,0,0,0,,,
A,gavroche-v66-supported-safe,195,11,26,3,27,13,4,0,0,1,0,3,0,0,0,0,,,
A,gavroche-v66-supported-safe,196,11,27,3,28,13,4,0,0,1,0,3,0,0,0,0,,,
A,gavroche-v66-supported-safe,197,11,28,4,29,13,4,0,0,1,0,3,0,0,0,0,,,
A,gavroche-v66-supported-safe,198,12,28,3,29,14,4,0,0,1,0,3,0,0,0,0,,,
A,gavroche-v66-supported-safe,199,12,30,4,31,14,4,0,0,1,0,3,0,0,0,0,,,
A,gavroche-v66-supported-safe,200,13,31,4,32,15,4,0,0,1,0,3,0,0,0,0,35.50347222222222,0.1736111111111111,0.6944444444444444
A,gavroche-v66-supported-safe,201,12,27,3,32,15,5,0,0,1,0,4,0,0,0,0,,,
A,gavroche-v66-supported-safe,202,12,27,3,32,15,5,0,0,1,0,4,0,0,0,0,,,
A,gavroche-v66-supported-safe,203,12,27,3,32,15,5,0,0,1,0,4,0,0,0,0,,,
A,gavroche-v66-supported-safe,204,12,27,3,32,15,5,0,0,1,0,4,0,0,0,0,,,
A,gavroche-v66-supported-safe,205,12,27,3,32,15,5,0,0,1,0,4,0,0,0,0,,,
A,gavroche-v66-supported-safe,206,12,27,3,32,15,5,0,0,1,0,4,0,0,0,0,,,
A,gavroche-v66-supported-safe,207,12,27,3,32,15,5,0,0,1,0,4,0,0,0,0,,,
A,gavroche-v66-supported-safe,208,12,27,3,32,15,5,0,0,1,0,4,0,0,0,0,,,
A,gavroche-v66-supported-safe,209,12,27,3,32,15,5,0,0,1,0,4,0,0,0,0,,,
A,gavroche-v66-supported-safe,210,12,27,3,32,15,5,0,0,1,0,4,0,0,0,0,35.677083333333336,0.0,0.6944444444444444
A,gavroche-v66-supported-safe,211,12,27,3,32,15,5,0,0,1,0,4,0,0,0,0,,,
A,gavroche-v66-supported-safe,212,12,27,3,32,15,5,0,0,1,0,4,0,0,0,0,,,
A,gavroche-v66-supported-safe,213,12,27,3,32,15,5,0,0,1,0,4,0,0,0,0,,,
A,gavroche-v66-supported-safe,214,12,27,3,32,15,5,0,0,1,0,4,0,0,0,0,,,
A,gavroche-v66-supported-safe,215,12,28,3,33,15,5,0,0,1,0,4,0,0,0,0,,,
A,gavroche-v66-supported-safe,216,12,28,3,33,15,5,0,0,1,0,4,0,0,0,0,,,
A,gavroche-v66-supported-safe,217,11,27,3,34,15,6,0,0,1,0,5,0,0,0,0,,,
A,gavroche-v66-supported-safe,218,11,27,3,34,15,6,0,0,1,0,5,0,0,0,0,,,
A,gavroche-v66-supported-safe,219,11,27,3,34,15,6,0,0,1,0,5,0,0,0,0,,,
A,gavroche-v66-supported-safe,220,11,27,3,34,15,6,0,0,1,0,5,0,0,0,0,34.46180555555556,0.0,0.6944444444444444
A,gavroche-v66-supported-safe,221,11,27,3,34,15,6,0,0,1,0,5,0,0,0,0,,,
A,gavroche-v66-supported-safe,222,11,27,3,34,15,6,0,0,1,0,5,0,0,0,0,,,
A,gavroche-v66-supported-safe,223,11,27,3,34,15,6,0,0,1,0,5,0,0,0,0,,,
A,gavroche-v66-supported-safe,224,11,27,3,34,15,6,0,0,1,0,5,0,0,0,0,,,
A,gavroche-v66-supported-safe,225,11,27,3,34,15,6,0,0,1,0,5,0,0,0,0,,,
A,gavroche-v66-supported-safe,226,11,27,3,34,15,6,0,0,1,0,5,0,0,0,0,,,
A,gavroche-v66-supported-safe,227,11,28,3,35,15,6,0,0,1,0,5,0,0,0,0,,,
A,gavroche-v66-supported-safe,228,11,28,3,35,15,6,0,0,1,0,5,0,0,0,0,,,
A,gavroche-v66-supported-safe,229,11,29,4,36,15,6,0,0,1,0,5,0,0,0,0,,,
A,gavroche-v66-supported-safe,230,11,27,3,36,16,7,1,1,1,0,5,0,0,0,0,34.635416666666664,0.08680555555555555,0.6944444444444444
A,gavroche-v66-supported-safe,231,11,28,3,37,16,7,1,1,1,0,5,0,0,0,0,,,
A,gavroche-v66-supported-safe,232,11,28,3,37,16,7,1,1,1,0,5,0,0,0,0,,,
A,gavroche-v66-supported-safe,233,11,30,4,39,16,7,1,1,1,0,5,0,0,0,0,,,
A,gavroche-v66-supported-safe,234,13,30,3,39,18,7,1,1,1,0,5,0,0,0,0,,,
A,gavroche-v66-supported-safe,235,12,30,3,41,18,8,1,1,2,0,5,0,0,0,0,,,
A,gavroche-v66-supported-safe,236,12,30,3,41,18,8,1,1,2,0,5,0,0,0,0,,,
A,gavroche-v66-supported-safe,237,12,30,3,41,18,8,1,1,2,0,5,0,0,0,0,,,
A,gavroche-v66-supported-safe,238,12,30,3,41,18,8,1,1,2,0,5,0,0,0,0,,,
A,gavroche-v66-supported-safe,239,12,31,4,42,18,8,1,1,2,0,5,0,0,0,0,,,
A,gavroche-v66-supported-safe,240,13,31,3,42,19,8,1,1,2,0,5,0,0,0,0,35.763888888888886,0.1736111111111111,0.6944444444444444
A,gavroche-v66-supported-safe,241,13,32,3,43,19,8,1,1,2,0,5,0,0,0,0,,,
A,gavroche-v66-supported-safe,242,13,32,3,43,19,8,1,1,2,0,5,0,0,0,0,,,
A,gavroche-v66-supported-safe,243,13,32,3,43,19,8,1,1,2,0,5,0,0,0,0,,,
A,gavroche-v66-supported-safe,244,12,31,4,45,19,9,1,1,2,1,5,0,0,0,0,,,
A,gavroche-v66-supported-safe,245,12,29,3,46,20,10,1,1,2,1,6,0,0,0,0,,,
A,gavroche-v66-supported-safe,246,12,30,4,47,20,10,1,1,2,1,6,0,0,0,0,,,
A,gavroche-v66-supported-safe,247,13,30,3,47,21,10,1,1,2,1,6,0,0,0,0,,,
A,gavroche-v66-supported-safe,248,13,30,3,47,21,10,1,1,2,1,6,0,0,0,0,,,
A,gavroche-v66-supported-safe,249,13,30,3,47,21,10,1,1,2,1,6,0,0,0,0,,,
A,gavroche-v66-supported-safe,250,13,31,3,48,21,10,1,1,2,1,6,0,0,0,0,34.80902777777778,0.0,0.6944444444444444
A,gavroche-v66-supported-safe,251,13,33,4,50,21,10,1,1,2,1,6,0,0,0,0,,,
A,gavroche-v66-supported-safe,252,14,31,3,51,23,11,1,1,2,2,6,0,0,0,0,,,
A,gavroche-v66-supported-safe,253,14,33,4,53,23,11,1,1,2,2,6,0,0,0,0,,,
A,gavroche-v66-supported-safe,254,14,33,4,55,24,12,1,1,3,2,6,0,0,0,0,,,
A,gavroche-v66-supported-safe,255,15,34,3,56,25,12,1,1,3,2,6,0,0,0,0,,,
A,gavroche-v66-supported-safe,256,14,32,3,56,25,13,1,1,4,2,6,0,0,0,0,,,
A,gavroche-v66-supported-safe,257,14,33,3,57,25,13,1,1,4,2,6,0,0,0,0,,,
A,gavroche-v66-supported-safe,258,14,34,3,58,25,13,1,1,4,2,6,0,0,0,0,,,
A,gavroche-v66-supported-safe,259,13,31,3,59,25,14,1,1,4,2,7,0,0,0,0,,,
A,gavroche-v66-supported-safe,260,13,31,3,59,25,14,2,1,4,2,7,0,0,0,0,33.50694444444444,0.9548611111111112,0.6944444444444444
A,gavroche-v66-supported-safe,261,13,32,4,60,25,14,2,1,4,2,7,0,0,0,0,,,
A,gavroche-v66-supported-safe,262,14,32,3,60,26,14,2,1,4,2,7,0,0,0,0,,,
A,gavroche-v66-supported-safe,263,13,30,3,60,26,15,2,1,4,2,8,0,0,0,0,,,
A,gavroche-v66-supported-safe,264,13,30,3,61,26,15,2,1,4,2,8,0,0,0,0,,,
A,gavroche-v66-supported-safe,265,12,28,3,61,26,16,4,2,4,2,8,0,0,0,0,,,
A,gavroche-v66-supported-safe,266,12,28,3,61,26,16,4,2,4,2,8,0,0,0,0,,,
A,gavroche-v66-supported-safe,267,12,29,3,62,26,16,4,2,4,2,8,0,0,0,0,,,
A,gavroche-v66-supported-safe,268,12,29,3,62,26,16,4,2,4,2,8,0,0,0,0,,,
A,gavroche-v66-supported-safe,269,12,30,4,63,26,16,4,2,4,2,8,0,0,0,0,,,
A,gavroche-v66-supported-safe,270,13,30,3,63,27,16,4,2,4,2,8,0,0,0,0,34.46180555555556,1.7361111111111112,0.6944444444444444
A,gavroche-v66-supported-safe,271,12,29,3,65,27,17,4,2,4,2,9,0,0,0,0,,,
A,gavroche-v66-supported-safe,272,12,29,3,65,27,17,4,2,4,2,9,0,0,0,0,,,
A,gavroche-v66-supported-safe,273,12,31,4,67,27,17,4,2,4,2,9,0,0,0,0,,,
A,gavroche-v66-supported-safe,274,14,31,3,67,29,17,4,2,4,2,9,0,0,0,0,,,
A,gavroche-v66-supported-safe,275,13,29,3,67,29,18,4,2,4,2,10,0,0,0,0,,,
A,gavroche-v66-supported-safe,276,13,29,3,67,29,18,4,2,4,2,10,0,0,0,0,,,
A,gavroche-v66-supported-safe,277,13,29,3,67,29,18,4,2,4,2,10,0,0,0,0,,,
A,gavroche-v66-supported-safe,278,13,29,3,67,29,18,4,2,4,2,10,0,0,0,0,,,
A,gavroche-v66-supported-safe,279,13,29,3,67,29,18,4,2,4,2,10,0,0,0,0,,,
A,gavroche-v66-supported-safe,280,13,29,3,68,29,18,4,2,4,2,10,0,0,0,0,36.197916666666664,2.170138888888889,0.6944444444444444
A,gavroche-v66-supported-safe,281,13,30,4,69,29,18,4,2,4,2,10,0,0,0,0,,,
A,gavroche-v66-supported-safe,282,14,30,3,69,30,18,4,2,4,2,10,0,0,0,0,,,
A,gavroche-v66-supported-safe,283,14,30,3,69,30,18,4,2,4,2,10,0,0,0,0,,,
A,gavroche-v66-supported-safe,284,14,31,3,70,30,18,4,2,4,2,10,0,0,0,0,,,
A,gavroche-v66-supported-safe,285,14,31,3,70,30,18,4,2,4,2,10,0,0,0,0,,,
A,gavroche-v66-supported-safe,286,13,29,3,70,30,19,5,3,4,2,10,0,0,0,0,,,
A,gavroche-v66-supported-safe,287,13,29,3,70,30,19,5,3,4,2,10,0,0,0,0,,,
A,gavroche-v66-supported-safe,288,13,30,3,71,30,19,5,3,4,2,10,0,0,0,0,,,
A,gavroche-v66-supported-safe,289,13,30,3,71,30,19,5,3,4,2,10,0,0,0,0,,,
A,gavroche-v66-supported-safe,290,13,30,3,71,30,19,5,3,4,2,10,0,0,0,0,37.5,1.2152777777777777,0.6944444444444444
A,gavroche-v66-supported-safe,291,13,31,3,72,30,19,5,3,4,2,10,0,0,0,0,,,
A,gavroche-v66-supported-safe,292,13,32,4,73,30,19,5,3,4,2,10,0,0,0,0,,,
A,gavroche-v66-supported-safe,293,13,32,4,73,30,19,5,3,4,2,10,0,0,0,0,,,
A,gavroche-v66-supported-safe,294,13,32,4,73,30,19,5,3,4,2,10,0,0,0,0,,,
A,gavroche-v66-supported-safe,295,13,32,4,73,30,19,5,3,4,2,10,0,0,0,0,,,
A,gavroche-v66-supported-safe,296,13,32,4,73,30,19,5,3,4,2,10,0,0,0,0,,,
A,gavroche-v66-supported-safe,297,13,32,4,73,30,19,5,3,4,2,10,0,0,0,0,,,
A,gavroche-v66-supported-safe,298,13,32,4,73,30,19,5,3,4,2,10,0,0,0,0,,,
A,gavroche-v66-supported-safe,299,13,32,4,73,30,19,5,3,4,2,10,0,0,0,0,,,
A,gavroche-v66-supported-safe,300,13,32,4,73,30,19,5,3,4,2,10,0,0,0,0,34.114583333333336,2.8645833333333335,0.6944444444444444
A,gavroche-v66-supported-safe,301,13,32,4,73,30,19,5,3,4,2,10,0,0,0,0,,,
A,gavroche-v66-supported-safe,302,13,32,4,73,30,19,5,3,4,2,10,0,0,0,0,,,
A,gavroche-v66-supported-safe,303,13,32,4,73,30,19,5,3,4,2,10,0,0,0,0,,,
A,gavroche-v66-supported-safe,304,13,32,4,73,30,19,5,3,4,2,10,0,0,0,0,,,
A,gavroche-v66-supported-safe,305,13,32,4,73,30,19,5,3,4,2,10,0,0,0,0,,,
A,gavroche-v66-supported-safe,306,13,32,4,73,30,19,5,3,4,2,10,0,0,0,0,,,
A,gavroche-v66-supported-safe,307,13,32,4,73,30,19,5,3,4,2,10,0,0,0,0,,,
A,gavroche-v66-supported-safe,308,13,32,4,73,30,19,5,3,4,2,10,0,0,0,0,,,
A,gavroche-v66-supported-safe,309,13,32,4,73,30,19,5,3,4,2,10,0,0,0,0,,,
A,gavroche-v66-supported-safe,310,13,32,4,73,30,19,5,3,4,2,10,0,0,0,0,34.982638888888886,1.4756944444444444,0.6944444444444444
A,gavroche-v66-supported-safe,311,13,32,4,73,30,19,5,3,4,2,10,0,0,0,0,,,
A,gavroche-v66-supported-safe,312,13,33,4,74,30,19,5,3,4,2,10,0,0,0,0,,,
A,gavroche-v66-supported-safe,313,13,33,4,74,30,19,5,3,4,2,10,0,0,0,0,,,
A,gavroche-v66-supported-safe,314,13,33,4,74,30,19,5,3,4,2,10,0,0,0,0,,,
A,gavroche-v66-supported-safe,315,13,33,4,74,30,19,5,3,4,2,10,0,0,0,0,,,
A,gavroche-v66-supported-safe,316,13,33,4,74,30,19,5,3,4,2,10,0,0,0,0,,,
A,gavroche-v66-supported-safe,317,13,33,4,74,30,19,5,3,4,2,10,0,0,0,0,,,
A,gavroche-v66-supported-safe,318,12,31,4,74,30,20,5,4,4,2,10,0,0,0,0,,,
A,gavroche-v66-supported-safe,319,12,31,4,74,30,20,5,4,4,2,10,0,0,0,0,,,
A,gavroche-v66-supported-safe,320,12,31,4,74,30,20,5,4,4,2,10,0,0,0,0,34.114583333333336,1.5625,0.6944444444444444
A,gavroche-v66-supported-safe,321,12,31,4,74,30,20,5,4,4,2,10,0,0,0,0,,,
A,gavroche-v66-supported-safe,322,12,30,3,74,30,20,5,4,4,2,10,0,0,0,0,,,
A,gavroche-v66-supported-safe,323,12,30,3,74,30,20,5,4,4,2,10,0,0,0,0,,,
A,gavroche-v66-supported-safe,324,12,30,3,74,30,20,5,4,4,2,10,0,0,0,0,,,
A,gavroche-v66-supported-safe,325,12,30,3,74,30,20,5,4,4,2,10,0,0,0,0,,,
A,gavroche-v66-supported-safe,326,12,30,3,75,30,20,5,4,4,2,10,0,0,0,0,,,
A,gavroche-v66-supported-safe,327,12,30,3,75,30,20,5,4,4,2,10,0,0,0,0,,,
A,gavroche-v66-supported-safe,328,12,30,3,75,30,20,5,4,4,2,10,0,0,0,0,,,
A,gavroche-v66-supported-safe,329,12,30,3,75,30,20,5,4,4,2,10,0,0,0,0,,,
A,gavroche-v66-supported-safe,330,12,30,3,75,30,20,5,4,4,2,10,0,0,0,0,35.416666666666664,0.2604166666666667,0.6944444444444444
A,gavroche-v66-supported-safe,331,12,30,3,75,30,20,5,4,4,2,10,0,0,0,0,,,
A,gavroche-v66-supported-safe,332,12,30,3,75,30,20,5,4,4,2,10,0,0,0,0,,,
A,gavroche-v66-supported-safe,333,12,30,3,76,30,20,5,4,4,2,10,0,0,0,0,,,
A,gavroche-v66-supported-safe,334,12,30,3,76,30,20,5,4,4,2,10,0,0,0,0,,,
A,gavroche-v66-supported-safe,335,12,30,3,76,30,20,5,4,4,2,10,0,0,0,0,,,
A,gavroche-v66-supported-safe,336,12,30,3,76,30,20,5,4,4,2,10,0,0,0,0,,,
A,gavroche-v66-supported-safe,337,12,30,3,76,30,20,5,4,4,2,10,0,0,0,0,,,
A,gavroche-v66-supported-safe,338,11,28,3,76,30,21,5,4,4,3,10,0,0,0,0,,,
A,gavroche-v66-supported-safe,339,11,29,4,77,30,21,5,4,4,3,10,0,0,0,0,,,
A,gavroche-v66-supported-safe,340,11,29,4,77,30,21,5,4,4,3,10,0,0,0,0,33.854166666666664,0.5208333333333334,0.6944444444444444
A,gavroche-v66-supported-safe,341,11,29,4,77,30,21,5,4,4,3,10,0,0,0,0,,,
A,gavroche-v66-supported-safe,342,11,29,4,77,30,21,5,4,4,3,10,0,0,0,0,,,
A,gavroche-v66-supported-safe,343,11,29,4,77,30,21,5,4,4,3,10,0,0,0,0,,,
A,gavroche-v66-supported-safe,344,11,29,4,77,30,21,5,4,4,3,10,0,0,0,0,,,
A,gavroche-v66-supported-safe,345,11,29,4,77,30,21,5,4,4,3,10,0,0,0,0,,,
A,gavroche-v66-supported-safe,346,10,27,4,77,30,22,6,5,4,3,10,0,0,0,0,,,
A,gavroche-v66-supported-safe,347,10,27,4,77,30,22,6,5,4,3,10,0,0,0,0,,,
A,gavroche-v66-supported-safe,348,9,24,4,77,30,23,7,6,4,3,10,0,0,0,0,,,
A,gavroche-v66-supported-safe,349,9,24,4,77,30,23,7,6,4,3,10,0,0,0,0,,,
A,gavroche-v66-supported-safe,350,9,24,4,77,30,23,7,6,4,3,10,0,0,0,0,34.72222222222222,1.7361111111111112,0.6944444444444444
A,gavroche-v66-supported-safe,351,9,24,4,77,30,23,7,6,4,3,10,0,0,0,0,,,
A,gavroche-v66-supported-safe,352,9,24,4,77,30,23,7,6,4,3,10,0,0,0,0,,,
A,gavroche-v66-supported-safe,353,9,25,4,78,30,23,7,6,4,3,10,0,0,0,0,,,
A,gavroche-v66-supported-safe,354,9,25,4,78,30,23,7,6,4,3,10,0,0,0,0,,,
A,gavroche-v66-supported-safe,355,9,25,4,78,30,23,7,6,4,3,10,0,0,0,0,,,
A,gavroche-v66-supported-safe,356,9,25,4,78,30,23,7,6,4,3,10,0,0,0,0,,,
A,gavroche-v66-supported-safe,357,9,25,4,78,30,23,7,6,4,3,10,0,0,0,0,,,
A,gavroche-v66-supported-safe,358,10,25,4,78,31,23,7,6,4,3,10,0,0,0,0,,,
A,gavroche-v66-supported-safe,359,10,25,4,78,31,23,7,6,4,3,10,0,0,0,0,,,
A,gavroche-v66-supported-safe,360,10,25,4,78,31,23,7,6,4,3,10,0,0,0,0,33.59375,0.4340277777777778,0.6944444444444444
A,gavroche-v66-supported-safe,361,10,25,4,78,31,23,7,6,4,3,10,0,0,0,0,,,
A,gavroche-v66-supported-safe,362,10,25,4,78,31,23,7,6,4,3,10,0,0,0,0,,,
A,gavroche-v66-supported-safe,363,10,25,4,78,31,23,7,6,4,3,10,0,0,0,0,,,
A,gavroche-v66-supported-safe,364,10,25,4,79,31,23,7,6,4,3,10,0,0,0,0,,,
A,gavroche-v66-supported-safe,365,10,26,4,80,31,23,7,6,4,3,10,0,0,0,0,,,
A,gavroche-v66-supported-safe,366,10,27,4,81,31,23,7,6,4,3,10,0,0,0,0,,,
A,gavroche-v66-supported-safe,367,10,28,4,82,31,23,7,6,4,3,10,0,0,0,0,,,
A,gavroche-v66-supported-safe,368,9,25,4,82,31,24,7,6,4,3,11,0,0,0,0,,,
A,gavroche-v66-supported-safe,369,9,26,5,83,31,24,7,6,4,3,11,0,0,0,0,,,
A,gavroche-v66-supported-safe,370,9,26,5,83,31,24,7,6,4,3,11,0,0,0,0,30.64236111111111,0.6944444444444444,0.6944444444444444
A,gavroche-v66-supported-safe,371,9,26,5,83,31,24,7,6,4,3,11,0,0,0,0,,,
A,gavroche-v66-supported-safe,372,9,26,5,83,31,24,7,6,4,3,11,0,0,0,0,,,
A,gavroche-v66-supported-safe,373,9,26,5,83,31,24,7,6,4,3,11,0,0,0,0,,,
A,gavroche-v66-supported-safe,374,9,26,5,83,31,24,7,6,4,3,11,0,0,0,0,,,
A,gavroche-v66-supported-safe,375,9,26,5,83,31,24,7,6,4,3,11,0,0,0,0,,,
A,gavroche-v66-supported-safe,376,9,26,5,83,31,24,7,6,4,3,11,0,0,0,0,,,
A,gavroche-v66-supported-safe,377,9,27,6,84,31,24,7,6,4,3,11,0,0,0,0,,,
A,gavroche-v66-supported-safe,378,8,25,6,84,31,25,7,6,4,3,12,0,0,0,0,,,
A,gavroche-v66-supported-safe,379,8,25,6,84,31,25,7,6,4,3,12,0,0,0,0,,,
A,gavroche-v66-supported-safe,380,8,25,6,84,31,25,7,6,4,3,12,0,0,0,0,29.86111111111111,0.4340277777777778,0.6944444444444444
A,gavroche-v66-supported-safe,381,8,25,6,84,31,25,7,6,4,3,12,0,0,0,0,,,
A,gavroche-v66-supported-safe,382,8,25,6,84,31,25,7,6,4,3,12,0,0,0,0,,,
A,gavroche-v66-supported-safe,383,9,25,6,84,32,25,7,6,4,3,12,0,0,0,0,,,
A,gavroche-v66-supported-safe,384,8,23,6,84,32,26,7,6,4,4,12,0,0,0,0,,,
A,gavroche-v66-supported-safe,385,8,23,6,84,32,26,7,6,4,4,12,0,0,0,0,,,
A,gavroche-v66-supported-safe,386,8,23,6,84,32,26,7,6,4,4,12,0,0,0,0,,,
A,gavroche-v66-supported-safe,387,8,24,6,85,32,26,7,6,4,4,12,0,0,0,0,,,
A,gavroche-v66-supported-safe,388,8,25,6,86,32,26,7,6,4,4,12,0,0,0,0,,,
A,gavroche-v66-supported-safe,389,8,25,6,86,32,26,7,6,4,4,12,0,0,0,0,,,
A,gavroche-v66-supported-safe,390,8,25,6,86,32,26,7,6,4,4,12,0,0,0,0,32.89930555555556,2.170138888888889,0.6944444444444444
A,gavroche-v66-supported-safe,391,8,25,6,86,32,26,7,6,4,4,12,0,0,0,0,,,
A,gavroche-v66-supported-safe,392,9,25,4,86,33,26,7,6,4,4,12,0,0,0,0,,,
A,gavroche-v66-supported-safe,393,8,23,4,86,33,27,7,6,4,4,13,0,0,0,0,,,
A,gavroche-v66-supported-safe,394,8,23,4,86,33,27,7,6,4,4,13,0,0,0,0,,,
A,gavroche-v66-supported-safe,395,8,23,4,86,33,27,7,6,4,4,13,0,0,0,0,,,
A,gavroche-v66-supported-safe,396,8,23,4,86,33,27,7,6,4,4,13,0,0,0,0,,,
A,gavroche-v66-supported-safe,397,8,24,4,87,33,27,7,6,4,4,13,0,0,0,0,,,
A,gavroche-v66-supported-safe,398,8,25,4,88,33,27,7,6,4,4,13,0,0,0,0,,,
A,gavroche-v66-supported-safe,399,8,26,5,89,33,27,7,6,4,4,13,0,0,0,0,,,
A,gavroche-v66-supported-safe,400,8,27,6,90,33,27,7,6,4,4,13,0,0,0,0,30.90277777777778,1.7361111111111112,0.6944444444444444
A,gavroche-v66-supported-safe,401,8,28,7,91,33,27,7,6,4,4,13,0,0,0,0,,,
A,gavroche-v66-supported-safe,402,8,29,8,92,33,27,7,6,4,4,13,0,0,0,0,,,
A,gavroche-v66-supported-safe,403,9,29,6,92,34,27,7,6,4,4,13,0,0,0,0,,,
A,gavroche-v66-supported-safe,404,8,27,6,92,34,28,7,6,4,4,14,0,0,0,0,,,
A,gavroche-v66-supported-safe,405,8,27,6,92,34,28,7,6,4,4,14,0,0,0,0,,,
A,gavroche-v66-supported-safe,406,8,27,6,92,34,28,7,6,4,4,14,0,0,0,0,,,
A,gavroche-v66-supported-safe,407,8,27,6,92,34,28,7,6,4,4,14,0,0,0,0,,,
A,gavroche-v66-supported-safe,408,9,27,6,92,35,28,7,6,4,4,14,0,0,0,0,,,
A,gavroche-v66-supported-safe,409,9,28,6,93,35,28,7,6,4,4,14,0,0,0,0,,,
A,gavroche-v66-supported-safe,410,9,29,6,94,35,28,7,6,4,4,14,0,0,0,0,35.85069444444444,0.08680555555555555,0.6944444444444444
A,gavroche-v66-supported-safe,411,9,30,6,95,35,28,7,6,4,4,14,0,0,0,0,,,
A,gavroche-v66-supported-safe,412,9,31,6,96,35,28,7,6,4,4,14,0,0,0,0,,,
A,gavroche-v66-supported-safe,413,10,31,6,96,36,28,7,6,4,4,14,0,0,0,0,,,
A,gavroche-v66-supported-safe,414,9,29,6,96,36,29,7,6,5,4,14,0,0,0,0,,,
A,gavroche-v66-supported-safe,415,9,30,6,97,36,29,7,6,5,4,14,0,0,0,0,,,
A,gavroche-v66-supported-safe,416,9,31,6,98,36,29,7,6,5,4,14,0,0,0,0,,,
A,gavroche-v66-supported-safe,417,10,31,6,98,37,29,7,6,5,4,14,0,0,0,0,,,
A,gavroche-v66-supported-safe,418,9,29,6,98,37,30,7,6,6,4,14,0,0,0,0,,,
A,gavroche-v66-supported-safe,419,9,29,6,99,37,30,7,6,6,4,14,0,0,0,0,,,
A,gavroche-v66-supported-safe,420,9,29,6,99,37,30,7,6,6,4,14,0,0,0,0,34.02777777777778,1.9965277777777777,0.6944444444444444
A,gavroche-v66-supported-safe,421,9,29,6,99,37,30,7,6,6,4,14,0,0,0,0,,,
A,gavroche-v66-supported-safe,422,9,29,6,99,37,30,7,6,6,4,14,0,0,0,0,,,
A,gavroche-v66-supported-safe,423,10,29,6,99,38,30,7,6,6,4,14,0,0,0,0,,,
A,gavroche-v66-supported-safe,424,10,29,6,99,38,30,7,6,6,4,14,0,0,0,0,,,
A,gavroche-v66-supported-safe,425,10,29,6,99,38,30,7,6,6,4,14,0,0,0,0,,,
A,gavroche-v66-supported-safe,426,10,29,6,99,38,30,7,6,6,4,14,0,0,0,0,,,
A,gavroche-v66-supported-safe,427,10,29,6,99,38,30,7,6,6,4,14,0,0,0,0,,,
A,gavroche-v66-supported-safe,428,10,29,6,99,38,30,7,6,6,4,14,0,0,0,0,,,
A,gavroche-v66-supported-safe,429,10,29,6,99,38,30,7,6,6,4,14,0,0,0,0,,,
A,gavroche-v66-supported-safe,430,9,28,6,100,38,31,7,6,7,4,14,0,0,0,0,35.677083333333336,0.4340277777777778,0.6944444444444444
A,gavroche-v66-supported-safe,431,9,28,6,100,38,31,7,6,7,4,14,0,0,0,0,,,
A,gavroche-v66-supported-safe,432,9,29,6,102,38,31,7,6,7,4,14,0,0,0,0,,,
A,gavroche-v66-supported-safe,433,10,29,6,102,39,31,7,6,7,4,14,0,0,0,0,,,
A,gavroche-v66-supported-safe,434,9,28,6,103,39,32,7,6,7,4,15,0,0,0,0,,,
A,gavroche-v66-supported-safe,435,8,24,6,103,40,34,7,6,7,5,16,0,0,0,0,,,
A,gavroche-v66-supported-safe,436,7,23,6,104,40,35,7,6,8,5,16,0,0,0,0,,,
A,gavroche-v66-supported-safe,437,7,23,6,104,40,35,7,6,8,5,16,0,0,0,0,,,
A,gavroche-v66-supported-safe,438,7,23,6,104,40,35,7,6,8,5,16,0,0,0,0,,,
A,gavroche-v66-supported-safe,439,7,23,6,104,40,35,7,6,8,5,16,0,0,0,0,,,
A,gavroche-v66-supported-safe,440,7,23,6,104,40,35,7,6,8,5,16,0,0,0,0,37.5,1.2152777777777777,0.6944444444444444
A,gavroche-v66-supported-safe,441,7,23,6,104,40,35,7,6,8,5,16,0,0,0,0,,,
A,gavroche-v66-supported-safe,442,7,23,6,104,40,35,7,6,8,5,16,0,0,0,0,,,
A,gavroche-v66-supported-safe,443,7,23,6,104,40,35,7,6,8,5,16,0,0,0,0,,,
A,gavroche-v66-supported-safe,444,7,23,6,104,40,35,7,6,8,5,16,0,0,0,0,,,
A,gavroche-v66-supported-safe,445,7,23,6,104,40,35,7,6,8,5,16,0,0,0,0,,,
A,gavroche-v66-supported-safe,446,7,23,6,104,40,35,7,6,8,5,16,0,0,0,0,,,
A,gavroche-v66-supported-safe,447,7,23,6,104,40,35,7,6,8,5,16,0,0,0,0,,,
A,gavroche-v66-supported-safe,448,7,23,6,104,40,35,7,6,8,5,16,0,0,0,0,,,
A,gavroche-v66-supported-safe,449,7,23,6,104,40,35,7,6,8,5,16,0,0,0,0,,,
A,gavroche-v66-supported-safe,450,7,23,6,105,40,35,7,6,8,5,16,0,0,0,0,38.454861111111114,0.08680555555555555,0.6944444444444444
A,gavroche-v66-supported-safe,451,7,23,6,106,40,35,7,6,8,5,16,0,0,0,0,,,
A,gavroche-v66-supported-safe,452,7,23,6,106,40,35,7,6,8,5,16,0,0,0,0,,,
A,gavroche-v66-supported-safe,453,7,23,6,106,40,35,7,6,8,5,16,0,0,0,0,,,
A,gavroche-v66-supported-safe,454,7,23,6,106,40,35,7,6,8,5,16,0,0,0,0,,,
A,gavroche-v66-supported-safe,455,7,23,6,106,40,35,7,6,8,5,16,0,0,0,0,,,
A,gavroche-v66-supported-safe,456,7,24,6,107,40,35,7,6,8,5,16,0,0,0,0,,,
A,gavroche-v66-supported-safe,457,7,24,6,107,40,35,7,6,8,5,16,0,0,0,0,,,
A,gavroche-v66-supported-safe,458,7,24,6,107,40,35,7,6,8,5,16,0,0,0,0,,,
A,gavroche-v66-supported-safe,459,6,21,6,107,40,36,8,7,8,5,16,0,0,0,0,,,
A,gavroche-v66-supported-safe,460,6,21,6,107,40,36,8,7,8,5,16,0,0,0,0,39.0625,1.8229166666666667,0.6944444444444444
A,gavroche-v66-supported-safe,461,6,21,6,107,40,36,8,7,8,5,16,0,0,0,0,,,
A,gavroche-v66-supported-safe,462,6,21,6,107,40,36,8,7,8,5,16,0,0,0,0,,,
A,gavroche-v66-supported-safe,463,5,19,6,108,40,37,8,7,8,6,16,0,0,0,0,,,
A,gavroche-v66-supported-safe,464,5,19,6,108,40,37,8,7,8,6,16,0,0,0,0,,,
A,gavroche-v66-supported-safe,465,5,20,6,109,40,37,8,7,8,6,16,0,0,0,0,,,
A,gavroche-v66-supported-safe,466,5,20,6,109,40,37,8,7,8,6,16,0,0,0,0,,,
A,gavroche-v66-supported-safe,467,5,22,7,111,40,37,8,7,8,6,16,0,0,0,0,,,
A,gavroche-v66-supported-safe,468,5,22,7,111,40,37,8,7,8,6,16,0,0,0,0,,,
A,gavroche-v66-supported-safe,469,5,24,8,113,40,37,8,7,8,6,16,0,0,0,0,,,
A,gavroche-v66-supported-safe,470,5,24,8,113,40,37,8,7,8,6,16,0,0,0,0,37.15277777777778,1.0416666666666667,0.6944444444444444
A,gavroche-v66-supported-safe,471,5,25,9,114,40,37,8,7,8,6,16,0,0,0,0,,,
A,gavroche-v66-supported-safe,472,5,25,9,114,40,37,8,7,8,6,16,0,0,0,0,,,
A,gavroche-v66-supported-safe,473,5,26,10,115,40,37,8,7,8,6,16,0,0,0,0,,,
A,gavroche-v66-supported-safe,474,6,27,11,116,41,37,8,7,8,6,16,0,0,0,0,,,
A,gavroche-v66-supported-safe,475,5,25,11,116,41,38,8,7,8,6,17,0,0,0,0,,,
A,gavroche-v66-supported-safe,476,5,26,12,117,41,38,8,7,8,6,17,0,0,0,0,,,
A,gavroche-v66-supported-safe,477,5,27,13,118,41,38,8,7,8,6,17,0,0,0,0,,,
A,gavroche-v66-supported-safe,478,5,29,13,120,41,38,8,7,8,6,17,0,0,0,0,,,
A,gavroche-v66-supported-safe,479,5,30,13,121,41,38,8,7,8,6,17,0,0,0,0,,,
A,gavroche-v66-supported-safe,480,5,32,13,123,41,38,8,7,8,6,17,0,0,0,0,34.548611111111114,1.6493055555555556,0.6944444444444444
A,gavroche-v66-supported-safe,481,5,33,13,124,41,38,8,7,8,6,17,0,0,0,0,,,
A,gavroche-v66-supported-safe,482,4,27,13,124,41,39,8,7,8,7,17,0,0,0,0,,,
A,gavroche-v66-supported-safe,483,4,27,13,124,41,39,8,7,8,7,17,0,0,0,0,,,
A,gavroche-v66-supported-safe,484,4,27,13,124,41,39,8,7,8,7,17,0,0,0,0,,,
A,gavroche-v66-supported-safe,485,3,25,13,124,41,40,8,7,8,8,17,0,0,0,0,,,
A,gavroche-v66-supported-safe,486,3,25,13,124,41,40,8,7,8,8,17,0,0,0,0,,,
A,gavroche-v66-supported-safe,487,3,25,13,124,41,40,8,7,8,8,17,0,0,0,0,,,
A,gavroche-v66-supported-safe,488,3,26,13,125,41,40,8,7,8,8,17,0,0,0,0,,,
A,gavroche-v66-supported-safe,489,3,26,13,125,41,40,8,7,8,8,17,0,0,0,0,,,
A,gavroche-v66-supported-safe,490,3,26,13,125,41,40,8,7,8,8,17,0,0,0,0,32.8125,0.6944444444444444,0.6944444444444444
A,gavroche-v66-supported-safe,491,3,27,14,126,41,40,8,7,8,8,17,0,0,0,0,,,
A,gavroche-v66-supported-safe,492,3,27,14,126,41,40,8,7,8,8,17,0,0,0,0,,,
A,gavroche-v66-supported-safe,493,3,28,15,127,41,40,8,7,8,8,17,0,0,0,0,,,
A,gavroche-v66-supported-safe,494,3,28,15,127,41,40,8,7,8,8,17,0,0,0,0,,,
A,gavroche-v66-supported-safe,495,3,28,15,127,41,40,8,7,8,8,17,0,0,0,0,,,
A,gavroche-v66-supported-safe,496,3,28,15,127,41,40,8,7,8,8,17,0,0,0,0,,,
A,gavroche-v66-supported-safe,497,3,27,14,127,41,40,8,7,8,8,17,0,0,0,0,,,
A,gavroche-v66-supported-safe,498,3,26,13,127,41,40,8,7,8,8,17,0,0,0,0,,,
A,gavroche-v66-supported-safe,499,3,26,13,127,41,40,8,7,8,8,17,0,0,0,0,,,
A,gavroche-v66-supported-safe,500,3,26,13,127,41,40,8,7,8,8,17,0,0,0,0,28.90625,0.2604166666666667,0.6944444444444444
B,vn-x06-info-grad1,0,2,8,4,0,0,0,0,0,0,0,0,0,0,0,0,49.56597222222222,0.1736111111111111,0.6944444444444444
B,vn-x06-info-grad1,1,4,8,2,0,2,0,0,0,0,0,0,0,0,0,0,,,
B,vn-x06-info-grad1,2,4,8,2,0,2,0,0,0,0,0,0,0,0,0,0,,,
B,vn-x06-info-grad1,3,4,8,2,0,2,0,0,0,0,0,0,0,0,0,0,,,
B,vn-x06-info-grad1,4,4,8,2,0,2,0,0,0,0,0,0,0,0,0,0,,,
B,vn-x06-info-grad1,5,4,8,2,0,2,0,0,0,0,0,0,0,0,0,0,,,
B,vn-x06-info-grad1,6,4,8,2,0,2,0,0,0,0,0,0,0,0,0,0,,,
B,vn-x06-info-grad1,7,4,8,2,0,2,0,0,0,0,0,0,0,0,0,0,,,
B,vn-x06-info-grad1,8,4,8,2,0,2,0,0,0,0,0,0,0,0,0,0,,,
B,vn-x06-info-grad1,9,4,8,2,0,2,0,0,0,0,0,0,0,0,0,0,,,
B,vn-x06-info-grad1,10,4,8,2,0,2,0,0,0,0,0,0,0,0,0,0,58.50694444444444,1.3020833333333333,0.6944444444444444
B,vn-x06-info-grad1,11,4,8,2,0,2,0,0,0,0,0,0,0,0,0,0,,,
B,vn-x06-info-grad1,12,4,8,2,0,2,0,0,0,0,0,0,0,0,0,0,,,
B,vn-x06-info-grad1,13,4,8,2,0,2,0,0,0,0,0,0,0,0,0,0,,,
B,vn-x06-info-grad1,14,4,8,2,0,2,0,0,0,0,0,0,0,0,0,0,,,
B,vn-x06-info-grad1,15,4,8,2,0,2,0,0,0,0,0,0,0,0,0,0,,,
B,vn-x06-info-grad1,16,4,8,2,0,2,0,0,0,0,0,0,0,0,0,0,,,
B,vn-x06-info-grad1,17,4,8,2,0,2,0,0,0,0,0,0,0,0,0,0,,,
B,vn-x06-info-grad1,18,4,8,2,0,2,0,0,0,0,0,0,0,0,0,0,,,
B,vn-x06-info-grad1,19,4,9,3,1,2,0,0,0,0,0,0,0,0,0,0,,,
B,vn-x06-info-grad1,20,4,9,3,1,2,0,0,0,0,0,0,0,0,0,0,61.02430555555556,0.1736111111111111,0.6944444444444444
B,vn-x06-info-grad1,21,4,9,3,1,2,0,0,0,0,0,0,0,0,0,0,,,
B,vn-x06-info-grad1,22,4,9,3,1,2,0,0,0,0,0,0,0,0,0,0,,,
B,vn-x06-info-grad1,23,4,9,3,1,2,0,0,0,0,0,0,0,0,0,0,,,
B,vn-x06-info-grad1,24,4,9,3,1,2,0,0,0,0,0,0,0,0,0,0,,,
B,vn-x06-info-grad1,25,4,9,3,1,2,0,0,0,0,0,0,0,0,0,0,,,
B,vn-x06-info-grad1,26,4,10,3,2,2,0,0,0,0,0,0,0,0,0,0,,,
B,vn-x06-info-grad1,27,4,11,4,3,2,0,0,0,0,0,0,0,0,0,0,,,
B,vn-x06-info-grad1,28,5,11,3,3,3,0,0,0,0,0,0,0,0,0,0,,,
B,vn-x06-info-grad1,29,5,12,3,4,3,0,0,0,0,0,0,0,0,0,0,,,
B,vn-x06-info-grad1,30,5,13,4,5,3,0,0,0,0,0,0,0,0,0,0,57.291666666666664,1.6493055555555556,0.6944444444444444
B,vn-x06-info-grad1,31,5,14,5,6,3,0,0,0,0,0,0,0,0,0,0,,,
B,vn-x06-info-grad1,32,5,15,6,7,3,0,0,0,0,0,0,0,0,0,0,,,
B,vn-x06-info-grad1,33,6,15,4,7,4,0,0,0,0,0,0,0,0,0,0,,,
B,vn-x06-info-grad1,34,7,16,3,8,5,0,0,0,0,0,0,0,0,0,0,,,
B,vn-x06-info-grad1,35,6,15,4,9,5,1,0,0,0,0,1,0,0,0,0,,,
B,vn-x06-info-grad1,36,6,15,4,9,5,1,0,0,0,0,1,0,0,0,0,,,
B,vn-x06-info-grad1,37,6,15,4,9,5,1,0,0,0,0,1,0,0,0,0,,,
B,vn-x06-info-grad1,38,7,16,3,10,6,1,0,0,0,0,1,0,0,0,0,,,
B,vn-x06-info-grad1,39,7,17,4,11,6,1,0,0,0,0,1,0,0,0,0,,,
B,vn-x06-info-grad1,40,7,19,5,13,6,1,0,0,0,0,1,0,0,0,0,58.94097222222222,0.0,0.6944444444444444
B,vn-x06-info-grad1,41,7,20,6,14,6,1,0,0,0,0,1,0,0,0,0,,,
B,vn-x06-info-grad1,42,8,20,4,14,7,1,0,0,0,0,1,0,0,0,0,,,
B,vn-x06-info-grad1,43,9,21,3,15,8,1,0,0,0,0,1,0,0,0,0,,,
B,vn-x06-info-grad1,44,8,20,4,16,8,2,0,0,0,0,2,0,0,0,0,,,
B,vn-x06-info-grad1,45,8,20,4,16,8,2,0,0,0,0,2,0,0,0,0,,,
B,vn-x06-info-grad1,46,8,20,4,16,8,2,0,0,0,0,2,0,0,0,0,,,
B,vn-x06-info-grad1,47,9,21,3,17,9,2,0,0,0,0,2,0,0,0,0,,,
B,vn-x06-info-grad1,48,9,22,4,18,9,2,0,0,0,0,2,0,0,0,0,,,
B,vn-x06-info-grad1,49,9,23,5,19,9,2,0,0,0,0,2,0,0,0,0,,,
B,vn-x06-info-grad1,50,9,24,6,20,9,2,0,0,0,0,2,0,0,0,0,61.63194444444444,0.3472222222222222,0.6944444444444444
B,vn-x06-info-grad1,51,10,24,4,20,10,2,0,0,0,0,2,0,0,0,0,,,
B,vn-x06-info-grad1,52,11,25,3,21,11,2,0,0,0,0,2,0,0,0,0,,,
B,vn-x06-info-grad1,53,10,24,4,22,11,3,0,0,0,0,3,0,0,0,0,,,
B,vn-x06-info-grad1,54,10,24,4,22,11,3,0,0,0,0,3,0,0,0,0,,,
B,vn-x06-info-grad1,55,10,24,4,22,11,3,0,0,0,0,3,0,0,0,0,,,
B,vn-x06-info-grad1,56,11,25,3,23,12,3,0,0,0,0,3,0,0,0,0,,,
B,vn-x06-info-grad1,57,11,26,4,24,12,3,0,0,0,0,3,0,0,0,0,,,
B,vn-x06-info-grad1,58,11,27,5,25,12,3,0,0,0,0,3,0,0,0,0,,,
B,vn-x06-info-grad1,59,11,28,6,26,12,3,0,0,0,0,3,0,0,0,0,,,
B,vn-x06-info-grad1,60,12,28,4,26,13,3,0,0,0,0,3,0,0,0,0,64.14930555555556,0.9548611111111112,0.6944444444444444
B,vn-x06-info-grad1,61,13,29,3,27,14,3,0,0,0,0,3,0,0,0,0,,,
B,vn-x06-info-grad1,62,12,28,4,28,14,4,0,0,0,0,4,0,0,0,0,,,
B,vn-x06-info-grad1,63,12,28,4,28,14,4,0,0,0,0,4,0,0,0,0,,,
B,vn-x06-info-grad1,64,12,28,4,28,14,4,0,0,0,0,4,0,0,0,0,,,
B,vn-x06-info-grad1,65,13,29,3,29,15,4,0,0,0,0,4,0,0,0,0,,,
B,vn-x06-info-grad1,66,13,30,4,30,15,4,0,0,0,0,4,0,0,0,0,,,
B,vn-x06-info-grad1,67,13,31,5,31,15,4,0,0,0,0,4,0,0,0,0,,,
B,vn-x06-info-grad1,68,13,32,6,32,15,4,0,0,0,0,4,0,0,0,0,,,
B,vn-x06-info-grad1,69,14,32,4,32,16,4,0,0,0,0,4,0,0,0,0,,,
B,vn-x06-info-grad1,70,15,33,3,33,17,4,0,0,0,0,4,0,0,0,0,65.19097222222223,0.0,0.6944444444444444
B,vn-x06-info-grad1,71,14,32,4,34,17,5,0,0,0,0,5,0,0,0,0,,,
B,vn-x06-info-grad1,72,14,32,4,34,17,5,0,0,0,0,5,0,0,0,0,,,
B,vn-x06-info-grad1,73,14,33,4,35,17,5,0,0,0,0,5,0,0,0,0,,,
B,vn-x06-info-grad1,74,16,34,3,36,19,5,0,0,0,0,5,0,0,0,0,,,
B,vn-x06-info-grad1,75,16,36,4,38,19,5,0,0,0,0,5,0,0,0,0,,,
B,vn-x06-info-grad1,76,16,38,5,40,19,5,0,0,0,0,5,0,0,0,0,,,
B,vn-x06-info-grad1,77,17,39,6,41,20,5,0,0,0,0,5,0,0,0,0,,,
B,vn-x06-info-grad1,78,17,37,4,41,21,6,0,0,0,1,5,0,0,0,0,,,
B,vn-x06-info-grad1,79,18,38,3,42,22,6,0,0,0,1,5,0,0,0,0,,,
B,vn-x06-info-grad1,80,17,37,4,43,22,7,0,0,0,1,6,0,0,0,0,62.41319444444444,0.2604166666666667,0.6944444444444444
B,vn-x06-info-grad1,81,17,38,4,44,22,7,0,0,0,1,6,0,0,0,0,,,
B,vn-x06-info-grad1,82,17,39,4,45,22,7,0,0,0,1,6,0,0,0,0,,,
B,vn-x06-info-grad1,83,18,40,3,46,23,7,0,0,0,1,6,0,0,0,0,,,
B,vn-x06-info-grad1,84,17,39,4,47,23,8,0,0,0,1,7,0,0,0,0,,,
B,vn-x06-info-grad1,85,17,40,5,48,23,8,0,0,0,1,7,0,0,0,0,,,
B,vn-x06-info-grad1,86,17,41,6,49,23,8,0,0,0,1,7,0,0,0,0,,,
B,vn-x06-info-grad1,87,18,42,4,50,24,8,0,0,0,1,7,0,0,0,0,,,
B,vn-x06-info-grad1,88,19,43,3,51,25,8,0,0,0,1,7,0,0,0,0,,,
B,vn-x06-info-grad1,89,18,43,4,53,25,9,0,0,0,1,8,0,0,0,0,,,
B,vn-x06-info-grad1,90,19,43,4,53,26,9,0,0,0,1,8,0,0,0,0,56.510416666666664,0.2604166666666667,0.6944444444444444
B,vn-x06-info-grad1,91,18,44,4,56,26,10,0,0,1,1,8,0,0,0,0,,,
B,vn-x06-info-grad1,92,20,46,3,58,28,10,0,0,1,1,8,0,0,0,0,,,
B,vn-x06-info-grad1,93,20,47,4,59,28,10,0,0,1,1,8,0,0,0,0,,,
B,vn-x06-info-grad1,94,20,48,5,60,28,10,0,0,1,1,8,0,0,0,0,,,
B,vn-x06-info-grad1,95,19,48,6,62,28,11,0,0,1,2,8,0,0,0,0,,,
B,vn-x06-info-grad1,96,21,48,4,62,30,11,0,0,1,2,8,0,0,0,0,,,
B,vn-x06-info-grad1,97,20,46,3,64,31,13,0,0,1,3,9,0,0,0,0,,,
B,vn-x06-info-grad1,98,19,47,4,67,31,14,0,0,1,3,10,0,0,0,0,,,
B,vn-x06-info-grad1,99,20,48,4,68,32,14,0,0,1,3,10,0,0,0,0,,,
B,vn-x06-info-grad1,100,21,49,4,69,33,14,0,0,1,3,10,0,0,0,0,56.770833333333336,0.0,0.6944444444444444
B,vn-x06-info-grad1,101,22,52,4,72,34,14,0,0,1,3,10,0,0,0,0,,,
B,vn-x06-info-grad1,102,22,51,4,74,35,15,0,0,1,4,10,0,0,0,0,,,
B,vn-x06-info-grad1,103,21,50,5,76,35,16,0,0,1,4,11,0,0,0,0,,,
B,vn-x06-info-grad1,104,21,52,6,78,35,16,0,0,1,4,11,0,0,0,0,,,
B,vn-x06-info-grad1,105,23,53,4,79,37,16,0,0,1,4,11,0,0,0,0,,,
B,vn-x06-info-grad1,106,24,52,3,80,39,17,0,0,1,5,11,0,0,0,0,,,
B,vn-x06-info-grad1,107,22,50,4,82,39,19,0,0,1,5,13,0,0,0,0,,,
B,vn-x06-info-grad1,108,22,50,4,82,39,19,0,0,1,5,13,0,0,0,0,,,
B,vn-x06-info-grad1,109,22,50,4,82,39,19,0,0,1,5,13,0,0,0,0,,,
B,vn-x06-info-grad1,110,23,53,4,85,40,19,0,0,1,5,13,0,0,0,0,61.63194444444444,0.08680555555555555,0.6944444444444444
B,vn-x06-info-grad1,111,24,54,4,86,41,19,0,0,1,5,13,0,0,0,0,,,
B,vn-x06-info-grad1,112,24,55,5,87,41,19,0,0,1,5,13,0,0,0,0,,,
B,vn-x06-info-grad1,113,23,55,6,89,41,20,0,0,1,5,14,0,0,0,0,,,
B,vn-x06-info-grad1,114,24,56,4,90,42,20,0,0,1,5,14,0,0,0,0,,,
B,vn-x06-info-grad1,115,26,57,3,91,44,20,0,0,1,5,14,0,0,0,0,,,
B,vn-x06-info-grad1,116,25,58,4,94,44,21,0,0,1,5,15,0,0,0,0,,,
B,vn-x06-info-grad1,117,25,59,4,95,44,21,0,0,1,5,15,0,0,0,0,,,
B,vn-x06-info-grad1,118,24,56,4,95,44,22,0,0,1,5,16,0,0,0,0,,,
B,vn-x06-info-grad1,119,25,57,3,96,45,22,0,0,1,5,16,0,0,0,0,,,
B,vn-x06-info-grad1,120,25,58,4,97,45,22,0,0,1,5,16,0,0,0,0,63.541666666666664,1.0416666666666667,0.6944444444444444
B,vn-x06-info-grad1,121,25,59,5,98,45,22,0,0,1,5,16,0,0,0,0,,,
B,vn-x06-info-grad1,122,25,61,6,100,45,22,0,0,1,5,16,0,0,0,0,,,
B,vn-x06-info-grad1,123,26,61,4,102,47,23,0,0,1,5,17,0,0,0,0,,,
B,vn-x06-info-grad1,124,27,65,4,106,48,23,0,0,1,5,17,0,0,0,0,,,
B,vn-x06-info-grad1,125,28,65,4,108,50,24,0,0,1,5,18,0,0,0,0,,,
B,vn-x06-info-grad1,126,28,67,4,110,50,24,0,0,1,5,18,0,0,0,0,,,
B,vn-x06-info-grad1,127,29,67,4,110,51,24,0,0,1,5,18,0,0,0,0,,,
B,vn-x06-info-grad1,128,29,67,4,112,52,25,0,0,1,6,18,0,0,0,0,,,
B,vn-x06-info-grad1,129,30,69,4,114,53,25,0,0,1,6,18,0,0,0,0,,,
B,vn-x06-info-grad1,130,31,71,5,116,54,25,0,0,1,6,18,0,0,0,0,65.10416666666667,0.08680555555555555,0.6944444444444444
B,vn-x06-info-grad1,131,29,67,6,118,54,27,0,0,1,6,20,0,0,0,0,,,
B,vn-x06-info-grad1,132,30,69,4,120,55,27,0,0,1,6,20,0,0,0,0,,,
B,vn-x06-info-grad1,133,32,71,4,122,57,27,0,0,1,6,20,0,0,0,0,,,
B,vn-x06-info-grad1,134,30,68,4,123,57,29,0,0,1,7,21,0,0,0,0,,,
B,vn-x06-info-grad1,135,30,71,5,126,57,29,0,0,1,7,21,0,0,0,0,,,
B,vn-x06-info-grad1,136,31,71,4,126,58,29,0,0,1,7,21,0,0,0,0,,,
B,vn-x06-info-grad1,137,31,71,3,128,59,30,0,0,1,8,21,0,0,0,0,,,
B,vn-x06-info-grad1,138,31,72,4,129,59,30,0,0,1,8,21,0,0,0,0,,,
B,vn-x06-info-grad1,139,29,69,5,130,59,32,0,0,2,8,22,0,0,0,0,,,
B,vn-x06-info-grad1,140,28,70,6,133,59,33,0,0,2,9,22,0,0,0,0,66.57986111111111,0.0,0.6944444444444444
B,vn-x06-info-grad1,141,30,73,4,136,61,33,0,0,2,9,22,0,0,0,0,,,
B,vn-x06-info-grad1,142,31,71,3,138,64,35,0,0,4,9,22,0,0,0,0,,,
B,vn-x06-info-grad1,143,30,74,4,143,64,36,0,0,4,9,23,0,0,0,0,,,
B,vn-x06-info-grad1,144,31,75,4,146,66,37,0,0,4,9,24,0,0,0,0,,,
B,vn-x06-info-grad1,145,29,75,5,151,66,39,0,0,6,9,24,0,0,0,0,,,
B,vn-x06-info-grad1,146,32,78,4,154,69,39,0,0,6,9,24,0,0,0,0,,,
B,vn-x06-info-grad1,147,33,78,4,156,71,40,0,0,6,9,25,0,0,0,0,,,
B,vn-x06-info-grad1,148,32,77,5,157,71,41,0,0,7,9,25,0,0,0,0,,,
B,vn-x06-info-grad1,149,31,76,6,158,71,42,0,0,7,9,26,0,0,0,0,,,
B,vn-x06-info-grad1,150,32,77,4,159,72,42,0,0,7,9,26,0,0,0,0,66.75347222222223,0.2604166666666667,0.6944444444444444
B,vn-x06-info-grad1,151,32,76,3,160,73,43,0,0,8,9,26,0,0,0,0,,,
B,vn-x06-info-grad1,152,31,76,4,162,73,44,0,0,8,9,27,0,0,0,0,,,
B,vn-x06-info-grad1,153,31,78,4,164,73,44,0,0,8,9,27,0,0,0,0,,,
B,vn-x06-info-grad1,154,32,78,4,164,74,44,0,0,8,9,27,0,0,0,0,,,
B,vn-x06-info-grad1,155,33,80,4,166,75,44,0,0,8,9,27,0,0,0,0,,,
B,vn-x06-info-grad1,156,34,81,4,167,76,44,0,0,8,9,27,0,0,0,0,,,
B,vn-x06-info-grad1,157,32,79,5,169,76,46,0,0,10,9,27,0,0,0,0,,,
B,vn-x06-info-grad1,158,32,81,6,171,76,46,0,0,10,9,27,0,0,0,0,,,
B,vn-x06-info-grad1,159,33,83,4,173,77,46,0,0,10,9,27,0,0,0,0,,,
B,vn-x06-info-grad1,160,35,84,3,174,79,46,0,0,10,9,27,0,0,0,0,66.84027777777777,0.2604166666666667,0.6944444444444444
B,vn-x06-info-grad1,161,34,83,4,175,79,47,0,0,10,9,28,0,0,0,0,,,
B,vn-x06-info-grad1,162,33,82,4,176,79,48,0,0,10,10,28,0,0,0,0,,,
B,vn-x06-info-grad1,163,33,81,4,177,80,49,0,0,10,11,28,0,0,0,0,,,
B,vn-x06-info-grad1,164,34,84,4,180,81,49,0,0,10,11,28,0,0,0,0,,,
B,vn-x06-info-grad1,165,35,85,4,181,82,49,0,0,10,11,28,0,0,0,0,,,
B,vn-x06-info-grad1,166,35,86,5,182,82,49,0,0,10,11,28,0,0,0,0,,,
B,vn-x06-info-grad1,167,35,88,6,184,82,49,0,0,10,11,28,0,0,0,0,,,
B,vn-x06-info-grad1,168,37,89,4,185,84,49,0,0,10,11,28,0,0,0,0,,,
B,vn-x06-info-grad1,169,36,87,3,187,85,51,0,0,12,11,28,0,0,0,0,,,
B,vn-x06-info-grad1,170,35,86,4,188,85,52,0,0,12,11,29,0,0,0,0,67.36111111111111,0.1736111111111111,0.6944444444444444
B,vn-x06-info-grad1,171,35,86,4,188,85,52,0,0,12,11,29,0,0,0,0,,,
B,vn-x06-info-grad1,172,35,88,4,190,85,52,0,0,12,11,29,0,0,0,0,,,
B,vn-x06-info-grad1,173,37,90,3,192,87,52,0,0,12,11,29,0,0,0,0,,,
B,vn-x06-info-grad1,174,36,90,4,195,87,53,0,0,12,11,30,0,0,0,0,,,
B,vn-x06-info-grad1,175,36,92,5,197,87,53,0,0,12,11,30,0,0,0,0,,,
B,vn-x06-info-grad1,176,37,94,6,199,88,53,0,0,12,11,30,0,0,0,0,,,
B,vn-x06-info-grad1,177,39,97,4,202,90,53,0,0,12,11,30,0,0,0,0,,,
B,vn-x06-info-grad1,178,41,101,4,206,92,53,0,0,12,11,30,0,0,0,0,,,
B,vn-x06-info-grad1,179,41,101,4,208,93,54,0,0,12,11,31,0,0,0,0,,,
B,vn-x06-info-grad1,180,40,100,4,209,93,55,0,0,12,11,32,0,0,0,0,66.23263888888889,0.4340277777777778,0.6944444444444444
B,vn-x06-info-grad1,181,39,96,4,209,94,57,0,0,12,11,34,0,0,0,0,,,
B,vn-x06-info-grad1,182,39,97,4,213,95,58,0,0,13,11,34,0,0,0,0,,,
B,vn-x06-info-grad1,183,39,99,4,217,96,59,0,0,13,11,35,0,0,0,0,,,
B,vn-x06-info-grad1,184,40,100,5,220,98,60,0,0,13,11,36,0,0,0,0,,,
B,vn-x06-info-grad1,185,39,101,6,224,98,61,0,0,13,12,36,0,0,0,0,,,
B,vn-x06-info-grad1,186,41,104,4,227,100,61,0,0,13,12,36,0,0,0,0,,,
B,vn-x06-info-grad1,187,42,100,3,228,103,63,0,0,15,12,36,0,0,0,0,,,
B,vn-x06-info-grad1,188,39,96,4,230,103,66,0,0,15,12,39,0,0,0,0,,,
B,vn-x06-info-grad1,189,39,98,4,233,103,66,0,0,15,12,39,0,0,0,0,,,
B,vn-x06-info-grad1,190,38,95,4,234,104,68,0,0,17,12,39,0,0,0,0,67.01388888888889,0.1736111111111111,0.6944444444444444
B,vn-x06-info-grad1,191,40,98,4,237,106,68,0,0,17,12,39,0,0,0,0,,,
B,vn-x06-info-grad1,192,39,96,4,240,107,70,0,0,18,13,39,0,0,0,0,,,
B,vn-x06-info-grad1,193,39,97,5,243,108,71,0,0,18,13,40,0,0,0,0,,,
B,vn-x06-info-grad1,194,38,97,6,248,109,73,0,0,18,14,41,0,0,0,0,,,
B,vn-x06-info-grad1,195,40,102,4,253,111,73,0,0,18,14,41,0,0,0,0,,,
B,vn-x06-info-grad1,196,42,105,4,259,114,74,0,0,18,14,42,0,0,0,0,,,
B,vn-x06-info-grad1,197,41,100,4,263,117,78,0,0,18,16,44,0,0,0,0,,,
B,vn-x06-info-grad1,198,40,97,4,264,118,80,0,0,18,17,45,0,0,0,0,,,
B,vn-x06-info-grad1,199,41,99,4,266,119,80,0,0,18,17,45,0,0,0,0,,,
B,vn-x06-info-grad1,200,42,102,3,271,121,81,0,0,18,17,46,0,0,0,0,63.62847222222222,0.1736111111111111,0.6944444444444444
B,vn-x06-info-grad1,201,40,100,4,274,121,83,0,0,18,17,48,0,0,0,0,,,
B,vn-x06-info-grad1,202,41,104,5,278,122,83,0,0,18,17,48,0,0,0,0,,,
B,vn-x06-info-grad1,203,39,98,6,281,123,86,0,0,20,18,48,0,0,0,0,,,
B,vn-x06-info-grad1,204,41,102,4,285,125,86,0,0,20,18,48,0,0,0,0,,,
B,vn-x06-info-grad1,205,43,103,3,286,127,86,0,0,20,18,48,0,0,0,0,,,
B,vn-x06-info-grad1,206,40,101,4,290,127,89,0,0,21,18,50,0,0,0,0,,,
B,vn-x06-info-grad1,207,43,103,4,292,130,89,0,0,21,18,50,0,0,0,0,,,
B,vn-x06-info-grad1,208,42,99,4,292,131,91,0,0,21,20,50,0,0,0,0,,,
B,vn-x06-info-grad1,209,43,102,3,296,132,91,0,0,21,20,50,0,0,0,0,,,
B,vn-x06-info-grad1,210,42,105,4,301,132,92,0,0,21,20,51,0,0,0,0,63.62847222222222,0.0,0.6944444444444444
B,vn-x06-info-grad1,211,42,104,5,303,133,93,0,0,22,20,51,0,0,0,0,,,
B,vn-x06-info-grad1,212,43,107,6,306,134,93,0,0,22,20,51,0,0,0,0,,,
B,vn-x06-info-grad1,213,45,106,4,306,136,93,0,0,22,20,51,0,0,0,0,,,
B,vn-x06-info-grad1,214,46,108,3,308,137,93,0,0,22,20,51,0,0,0,0,,,
B,vn-x06-info-grad1,215,45,107,4,309,137,94,0,0,22,20,52,0,0,0,0,,,
B,vn-x06-info-grad1,216,44,104,4,309,137,95,0,0,22,20,53,0,0,0,0,,,
B,vn-x06-info-grad1,217,44,106,4,311,137,95,0,0,22,20,53,0,0,0,0,,,
B,vn-x06-info-grad1,218,47,107,3,312,140,95,0,0,22,20,53,0,0,0,0,,,
B,vn-x06-info-grad1,219,47,108,4,313,140,95,0,0,22,20,53,0,0,0,0,,,
B,vn-x06-info-grad1,220,46,110,5,317,140,96,0,0,22,20,54,0,0,0,0,64.84375,0.0,0.6944444444444444
B,vn-x06-info-grad1,221,46,111,6,318,140,96,0,0,22,20,54,0,0,0,0,,,
B,vn-x06-info-grad1,222,43,103,4,319,141,100,0,0,25,20,55,0,0,0,0,,,
B,vn-x06-info-grad1,223,45,105,4,321,143,100,0,0,25,20,55,0,0,0,0,,,
B,vn-x06-info-grad1,224,43,100,4,323,144,103,0,0,27,20,56,0,0,0,0,,,
B,vn-x06-info-grad1,225,44,101,4,324,145,103,0,0,27,20,56,0,0,0,0,,,
B,vn-x06-info-grad1,226,44,102,4,325,145,103,0,0,27,20,56,0,0,0,0,,,
B,vn-x06-info-grad1,227,45,103,3,328,147,104,0,0,27,20,57,0,0,0,0,,,
B,vn-x06-info-grad1,228,44,101,4,329,147,105,0,0,27,20,58,0,0,0,0,,,
B,vn-x06-info-grad1,229,44,104,5,332,147,105,0,0,27,20,58,0,0,0,0,,,
B,vn-x06-info-grad1,230,44,104,6,334,148,106,1,1,27,20,58,0,0,0,0,64.58333333333333,0.08680555555555555,0.6944444444444444
B,vn-x06-info-grad1,231,44,103,4,336,149,107,1,1,27,21,58,0,0,0,0,,,
B,vn-x06-info-grad1,232,44,102,3,338,150,108,1,1,28,21,58,0,0,0,0,,,
B,vn-x06-info-grad1,233,43,102,4,340,150,109,1,1,28,21,59,0,0,0,0,,,
B,vn-x06-info-grad1,234,42,102,4,342,150,110,1,1,28,21,60,0,0,0,0,,,
B,vn-x06-info-grad1,235,44,102,4,343,152,110,1,1,28,21,60,0,0,0,0,,,
B,vn-x06-info-grad1,236,45,105,3,346,153,110,1,1,28,21,60,0,0,0,0,,,
B,vn-x06-info-grad1,237,45,108,4,349,153,110,1,1,28,21,60,0,0,0,0,,,
B,vn-x06-info-grad1,238,44,106,5,351,153,111,1,1,28,22,60,0,0,0,0,,,
B,vn-x06-info-grad1,239,44,109,6,354,153,111,1,1,28,22,60,0,0,0,0,,,
B,vn-x06-info-grad1,240,47,110,4,355,156,111,1,1,28,22,60,0,0,0,0,63.36805555555556,0.1736111111111111,0.6944444444444444
B,vn-x06-info-grad1,241,47,109,3,358,158,113,1,1,30,22,60,0,0,0,0,,,
B,vn-x06-info-grad1,242,46,110,4,361,158,114,1,1,30,22,61,0,0,0,0,,,
B,vn-x06-info-grad1,243,46,107,4,361,159,115,1,1,30,22,62,0,0,0,0,,,
B,vn-x06-info-grad1,244,45,107,4,363,159,116,1,1,30,23,62,0,0,0,0,,,
B,vn-x06-info-grad1,245,47,108,3,364,161,116,1,1,30,23,62,0,0,0,0,,,
B,vn-x06-info-grad1,246,46,108,4,366,161,117,1,1,30,23,63,0,0,0,0,,,
B,vn-x06-info-grad1,247,46,111,5,369,161,117,1,1,30,23,63,0,0,0,0,,,
B,vn-x06-info-grad1,248,46,112,6,371,161,117,1,1,30,23,63,0,0,0,0,,,
B,vn-x06-info-grad1,249,46,112,4,373,162,118,1,1,31,23,63,0,0,0,0,,,
B,vn-x06-info-grad1,250,47,111,4,375,164,119,1,1,32,23,63,0,0,0,0,64.49652777777777,0.0,0.6944444444444444
B,vn-x06-info-grad1,251,46,109,4,377,165,121,1,1,32,23,65,0,0,0,0,,,
B,vn-x06-info-grad1,252,44,107,4,380,165,123,1,1,33,23,66,0,0,0,0,,,
B,vn-x06-info-grad1,253,45,108,4,383,167,124,1,1,34,23,66,0,0,0,0,,,
B,vn-x06-info-grad1,254,48,112,4,387,170,124,1,1,34,23,66,0,0,0,0,,,
B,vn-x06-info-grad1,255,49,113,4,390,172,125,1,1,34,23,67,0,0,0,0,,,
B,vn-x06-info-grad1,256,44,107,5,395,172,130,1,1,38,24,67,0,0,0,0,,,
B,vn-x06-info-grad1,257,42,107,6,400,172,132,1,1,39,24,68,0,0,0,0,,,
B,vn-x06-info-grad1,258,46,109,4,402,176,132,1,1,39,24,68,0,0,0,0,,,
B,vn-x06-info-grad1,259,47,109,4,404,178,133,1,1,39,24,69,0,0,0,0,,,
B,vn-x06-info-grad1,260,45,105,4,406,179,136,1,2,39,24,71,0,0,0,0,64.84375,0.9548611111111112,0.6944444444444444
B,vn-x06-info-grad1,261,44,104,4,408,179,137,1,2,39,25,71,0,0,0,0,,,
B,vn-x06-info-grad1,262,45,106,4,410,180,137,1,2,39,25,71,0,0,0,0,,,
B,vn-x06-info-grad1,263,47,107,4,413,183,138,1,2,39,26,71,0,0,0,0,,,
B,vn-x06-info-grad1,264,47,109,4,417,184,139,1,2,39,27,71,0,0,0,0,,,
B,vn-x06-info-grad1,265,44,105,5,420,184,142,2,4,39,27,72,0,0,0,0,,,
B,vn-x06-info-grad1,266,43,105,6,422,184,143,2,4,39,27,73,0,0,0,0,,,
B,vn-x06-info-grad1,267,45,106,4,423,186,143,2,4,39,27,73,0,0,0,0,,,
B,vn-x06-info-grad1,268,46,108,3,425,187,143,2,4,39,27,73,0,0,0,0,,,
B,vn-x06-info-grad1,269,44,105,4,426,187,145,2,4,40,27,74,0,0,0,0,,,
B,vn-x06-info-grad1,270,44,107,4,428,187,145,2,4,40,27,74,0,0,0,0,63.107638888888886,1.7361111111111112,0.6944444444444444
B,vn-x06-info-grad1,271,43,105,4,429,187,146,2,4,40,27,75,0,0,0,0,,,
B,vn-x06-info-grad1,272,44,110,4,435,188,146,2,4,40,27,75,0,0,0,0,,,
B,vn-x06-info-grad1,273,42,102,4,437,189,149,2,4,40,28,77,0,0,0,0,,,
B,vn-x06-info-grad1,274,42,104,5,439,189,149,2,4,40,28,77,0,0,0,0,,,
B,vn-x06-info-grad1,275,41,102,6,441,190,151,2,4,40,28,79,0,0,0,0,,,
B,vn-x06-info-grad1,276,41,102,4,444,191,152,2,4,40,29,79,0,0,0,0,,,
B,vn-x06-info-grad1,277,39,97,4,446,192,155,2,4,42,29,80,0,0,0,0,,,
B,vn-x06-info-grad1,278,40,98,4,447,193,155,2,4,42,29,80,0,0,0,0,,,
B,vn-x06-info-grad1,279,41,100,4,449,194,155,2,4,42,29,80,0,0,0,0,,,
B,vn-x06-info-grad1,280,42,101,4,450,195,155,2,4,42,29,80,0,0,0,0,60.9375,2.170138888888889,0.6944444444444444
B,vn-x06-info-grad1,281,42,102,4,452,195,155,2,4,42,29,80,0,0,0,0,,,
B,vn-x06-info-grad1,282,43,104,4,454,196,155,2,4,42,29,80,0,0,0,0,,,
B,vn-x06-info-grad1,283,42,103,4,455,196,156,2,4,42,29,81,0,0,0,0,,,
B,vn-x06-info-grad1,284,42,103,4,455,196,156,2,4,42,29,81,0,0,0,0,,,
B,vn-x06-info-grad1,285,42,105,4,457,196,156,2,4,42,29,81,0,0,0,0,,,
B,vn-x06-info-grad1,286,43,102,4,457,198,157,3,5,42,29,81,0,0,0,0,,,
B,vn-x06-info-grad1,287,41,99,4,458,198,159,3,5,43,29,82,0,0,0,0,,,
B,vn-x06-info-grad1,288,41,99,4,458,198,159,3,5,43,29,82,0,0,0,0,,,
B,vn-x06-info-grad1,289,41,99,4,458,198,159,3,5,43,29,82,0,0,0,0,,,
B,vn-x06-info-grad1,290,41,99,4,458,198,159,3,5,43,29,82,0,0,0,0,60.59027777777778,1.2152777777777777,0.6944444444444444
B,vn-x06-info-grad1,291,41,99,4,458,198,159,3,5,43,29,82,0,0,0,0,,,
B,vn-x06-info-grad1,292,40,97,4,458,198,160,3,5,43,29,83,0,0,0,0,,,
B,vn-x06-info-grad1,293,40,98,4,459,198,160,3,5,43,29,83,0,0,0,0,,,
B,vn-x06-info-grad1,294,39,99,4,463,198,161,3,5,43,29,84,0,0,0,0,,,
B,vn-x06-info-grad1,295,39,97,4,464,199,162,3,5,44,29,84,0,0,0,0,,,
B,vn-x06-info-grad1,296,39,95,4,465,200,163,3,5,44,29,85,0,0,0,0,,,
B,vn-x06-info-grad1,297,41,98,4,469,202,163,3,5,44,29,85,0,0,0,0,,,
B,vn-x06-info-grad1,298,40,98,4,472,202,164,3,5,44,29,86,0,0,0,0,,,
B,vn-x06-info-grad1,299,39,99,4,477,202,165,3,5,44,29,87,0,0,0,0,,,
B,vn-x06-info-grad1,300,41,99,4,477,204,165,3,5,44,29,87,0,0,0,0,62.326388888888886,2.8645833333333335,0.6944444444444444
B,vn-x06-info-grad1,301,40,97,4,478,204,166,3,5,44,29,88,0,0,0,0,,,
B,vn-x06-info-grad1,302,40,98,4,480,204,166,3,5,44,29,88,0,0,0,0,,,
B,vn-x06-info-grad1,303,40,98,4,481,204,166,3,5,44,29,88,0,0,0,0,,,
B,vn-x06-info-grad1,304,38,96,5,483,204,168,3,5,44,31,88,0,0,0,0,,,
B,vn-x06-info-grad1,305,36,94,6,487,204,170,3,5,44,32,89,0,0,0,0,,,
B,vn-x06-info-grad1,306,37,93,6,489,206,171,3,5,44,33,89,0,0,0,0,,,
B,vn-x06-info-grad1,307,37,94,6,490,206,171,3,5,44,33,89,0,0,0,0,,,
B,vn-x06-info-grad1,308,36,95,6,493,206,172,3,5,44,33,90,0,0,0,0,,,
B,vn-x06-info-grad1,309,39,97,6,495,209,172,3,5,44,33,90,0,0,0,0,,,
B,vn-x06-info-grad1,310,39,98,6,496,209,172,3,5,44,33,90,0,0,0,0,62.84722222222222,1.4756944444444444,0.6944444444444444
B,vn-x06-info-grad1,311,40,99,6,497,210,172,3,5,44,33,90,0,0,0,0,,,
B,vn-x06-info-grad1,312,38,95,6,499,210,174,3,5,44,34,91,0,0,0,0,,,
B,vn-x06-info-grad1,313,37,94,6,500,210,175,3,5,44,34,92,0,0,0,0,,,
B,vn-x06-info-grad1,314,37,96,6,502,210,175,3,5,44,34,92,0,0,0,0,,,
B,vn-x06-info-grad1,315,37,97,6,503,210,175,3,5,44,34,92,0,0,0,0,,,
B,vn-x06-info-grad1,316,36,95,6,504,210,176,3,5,44,34,93,0,0,0,0,,,
B,vn-x06-info-grad1,317,37,96,6,505,211,176,3,5,44,34,93,0,0,0,0,,,
B,vn-x06-info-grad1,318,36,94,6,507,211,177,4,5,45,34,93,0,0,0,0,,,
B,vn-x06-info-grad1,319,35,93,6,508,211,178,4,5,45,35,93,0,0,0,0,,,
B,vn-x06-info-grad1,320,36,95,7,511,212,178,4,5,45,35,93,0,0,0,0,63.62847222222222,1.5625,0.6944444444444444
B,vn-x06-info-grad1,321,36,90,7,511,213,179,4,5,45,36,93,0,0,0,0,,,
B,vn-x06-info-grad1,322,35,88,7,511,213,180,4,5,45,36,94,0,0,0,0,,,
B,vn-x06-info-grad1,323,35,89,7,512,213,180,4,5,45,36,94,0,0,0,0,,,
B,vn-x06-info-grad1,324,36,90,7,513,214,180,4,5,45,36,94,0,0,0,0,,,
B,vn-x06-info-grad1,325,36,88,7,513,215,181,4,5,45,37,94,0,0,0,0,,,
B,vn-x06-info-grad1,326,36,89,7,514,215,181,4,5,45,37,94,0,0,0,0,,,
B,vn-x06-info-grad1,327,36,89,7,514,215,181,4,5,45,37,94,0,0,0,0,,,
B,vn-x06-info-grad1,328,36,90,7,515,215,181,4,5,45,37,94,0,0,0,0,,,
B,vn-x06-info-grad1,329,36,92,7,517,215,181,4,5,45,37,94,0,0,0,0,,,
B,vn-x06-info-grad1,330,36,91,7,519,216,182,4,5,45,37,95,0,0,0,0,63.62847222222222,0.2604166666666667,0.6944444444444444
B,vn-x06-info-grad1,331,34,90,7,522,216,184,4,5,45,38,96,0,0,0,0,,,
B,vn-x06-info-grad1,332,35,87,7,524,219,186,4,5,47,38,96,0,0,0,0,,,
B,vn-x06-info-grad1,333,36,91,8,528,220,186,4,5,47,38,96,0,0,0,0,,,
B,vn-x06-info-grad1,334,36,91,8,530,221,187,4,5,47,39,96,0,0,0,0,,,
B,vn-x06-info-grad1,335,37,91,8,530,222,187,4,5,47,39,96,0,0,0,0,,,
B,vn-x06-info-grad1,336,37,91,8,532,223,188,4,5,47,39,97,0,0,0,0,,,
B,vn-x06-info-grad1,337,37,91,8,534,224,189,4,5,47,39,98,0,0,0,0,,,
B,vn-x06-info-grad1,338,38,91,8,534,225,189,4,5,47,39,98,0,0,0,0,,,
B,vn-x06-info-grad1,339,36,86,8,534,225,191,4,5,47,39,100,0,0,0,0,,,
B,vn-x06-info-grad1,340,36,89,8,537,225,191,4,5,47,39,100,0,0,0,0,64.93055555555556,0.5208333333333334,0.6944444444444444
B,vn-x06-info-grad1,341,34,82,8,537,226,194,4,5,49,40,100,0,0,0,0,,,
B,vn-x06-info-grad1,342,34,82,8,537,226,194,4,5,49,40,100,0,0,0,0,,,
B,vn-x06-info-grad1,343,34,84,8,539,226,194,4,5,49,40,100,0,0,0,0,,,
B,vn-x06-info-grad1,344,34,86,8,541,226,194,4,5,49,40,100,0,0,0,0,,,
B,vn-x06-info-grad1,345,35,87,8,542,227,194,4,5,49,40,100,0,0,0,0,,,
B,vn-x06-info-grad1,346,35,85,8,542,228,195,5,6,49,40,100,0,0,0,0,,,
B,vn-x06-info-grad1,347,35,86,8,543,228,195,5,6,49,40,100,0,0,0,0,,,
B,vn-x06-info-grad1,348,32,83,9,546,228,198,6,7,50,40,101,0,0,0,0,,,
B,vn-x06-info-grad1,349,32,86,10,549,228,198,6,7,50,40,101,0,0,0,0,,,
B,vn-x06-info-grad1,350,33,88,10,551,229,198,6,7,50,40,101,0,0,0,0,62.84722222222222,1.7361111111111112,0.6944444444444444
B,vn-x06-info-grad1,351,33,89,10,552,229,198,6,7,50,40,101,0,0,0,0,,,
B,vn-x06-info-grad1,352,33,90,10,553,229,198,6,7,50,40,101,0,0,0,0,,,
B,vn-x06-info-grad1,353,33,91,10,554,229,198,6,7,50,40,101,0,0,0,0,,,
B,vn-x06-info-grad1,354,33,93,10,556,229,198,6,7,50,40,101,0,0,0,0,,,
B,vn-x06-info-grad1,355,33,91,10,557,230,199,6,7,50,40,102,0,0,0,0,,,
B,vn-x06-info-grad1,356,34,92,10,558,231,199,6,7,50,40,102,0,0,0,0,,,
B,vn-x06-info-grad1,357,33,90,8,560,231,200,6,7,50,40,103,0,0,0,0,,,
B,vn-x06-info-grad1,358,32,88,8,560,231,201,6,7,51,40,103,0,0,0,0,,,
B,vn-x06-info-grad1,359,32,89,8,561,231,201,6,7,51,40,103,0,0,0,0,,,
B,vn-x06-info-grad1,360,31,88,8,562,231,202,6,7,51,41,103,0,0,0,0,65.27777777777777,0.4340277777777778,0.6944444444444444
B,vn-x06-info-grad1,361,31,89,8,563,231,202,6,7,51,41,103,0,0,0,0,,,
B,vn-x06-info-grad1,362,32,91,8,565,232,202,6,7,51,41,103,0,0,0,0,,,
B,vn-x06-info-grad1,363,31,87,8,565,232,203,6,7,51,42,103,0,0,0,0,,,
B,vn-x06-info-grad1,364,31,87,8,566,232,203,6,7,51,42,103,0,0,0,0,,,
B,vn-x06-info-grad1,365,28,82,8,568,232,206,6,7,53,42,104,0,0,0,0,,,
B,vn-x06-info-grad1,366,28,82,8,568,232,206,6,7,53,42,104,0,0,0,0,,,
B,vn-x06-info-grad1,367,28,82,8,568,232,206,6,7,53,42,104,0,0,0,0,,,
B,vn-x06-info-grad1,368,28,83,8,569,232,206,6,7,53,42,104,0,0,0,0,,,
B,vn-x06-info-grad1,369,28,82,8,569,232,206,6,7,53,42,104,0,0,0,0,,,
B,vn-x06-info-grad1,370,28,83,8,570,232,206,6,7,53,42,104,0,0,0,0,67.96875,0.6944444444444444,0.6944444444444444
B,vn-x06-info-grad1,371,28,84,8,572,232,206,6,7,53,42,104,0,0,0,0,,,
B,vn-x06-info-grad1,372,28,86,8,574,232,206,6,7,53,42,104,0,0,0,0,,,
B,vn-x06-info-grad1,373,30,86,8,574,234,206,6,7,53,42,104,0,0,0,0,,,
B,vn-x06-info-grad1,374,28,82,8,575,234,208,6,7,53,43,105,0,0,0,0,,,
B,vn-x06-info-grad1,375,28,83,8,576,234,208,6,7,53,43,105,0,0,0,0,,,
B,vn-x06-info-grad1,376,28,82,8,577,235,209,6,7,53,43,106,0,0,0,0,,,
B,vn-x06-info-grad1,377,27,80,8,577,235,210,6,7,53,43,107,0,0,0,0,,,
B,vn-x06-info-grad1,378,27,80,8,577,235,210,6,7,53,43,107,0,0,0,0,,,
B,vn-x06-info-grad1,379,27,81,8,578,235,210,6,7,53,43,107,0,0,0,0,,,
B,vn-x06-info-grad1,380,28,82,8,579,236,210,6,7,53,43,107,0,0,0,0,69.01041666666667,0.4340277777777778,0.6944444444444444
B,vn-x06-info-grad1,381,28,82,8,579,236,210,6,7,53,43,107,0,0,0,0,,,
B,vn-x06-info-grad1,382,28,83,8,580,236,210,6,7,53,43,107,0,0,0,0,,,
B,vn-x06-info-grad1,383,28,84,8,581,236,210,6,7,53,43,107,0,0,0,0,,,
B,vn-x06-info-grad1,384,29,84,8,581,237,210,6,7,53,43,107,0,0,0,0,,,
B,vn-x06-info-grad1,385,28,83,8,582,237,211,6,7,53,43,108,0,0,0,0,,,
B,vn-x06-info-grad1,386,27,80,8,582,237,212,6,7,54,43,108,0,0,0,0,,,
B,vn-x06-info-grad1,387,27,82,8,584,237,212,6,7,54,43,108,0,0,0,0,,,
B,vn-x06-info-grad1,388,27,84,8,586,237,212,6,7,54,43,108,0,0,0,0,,,
B,vn-x06-info-grad1,389,26,82,8,587,237,213,6,7,54,43,109,0,0,0,0,,,
B,vn-x06-info-grad1,390,26,85,8,590,237,213,6,7,54,43,109,0,0,0,0,64.23611111111111,2.170138888888889,0.6944444444444444
B,vn-x06-info-grad1,391,25,82,8,591,237,214,6,7,54,43,110,0,0,0,0,,,
B,vn-x06-info-grad1,392,26,85,9,594,238,214,6,7,54,43,110,0,0,0,0,,,
B,vn-x06-info-grad1,393,25,83,9,594,238,215,6,7,54,44,110,0,0,0,0,,,
B,vn-x06-info-grad1,394,25,84,10,595,238,215,6,7,54,44,110,0,0,0,0,,,
B,vn-x06-info-grad1,395,25,84,10,595,238,215,6,7,54,44,110,0,0,0,0,,,
B,vn-x06-info-grad1,396,25,84,10,595,238,215,6,7,54,44,110,0,0,0,0,,,
B,vn-x06-info-grad1,397,25,85,10,596,238,215,6,7,54,44,110,0,0,0,0,,,
B,vn-x06-info-grad1,398,25,85,10,596,238,215,6,7,54,44,110,0,0,0,0,,,
B,vn-x06-info-grad1,399,25,86,10,597,238,215,6,7,54,44,110,0,0,0,0,,,
B,vn-x06-info-grad1,400,25,87,10,598,238,215,6,7,54,44,110,0,0,0,0,66.66666666666667,1.7361111111111112,0.6944444444444444
B,vn-x06-info-grad1,401,25,87,10,598,238,215,6,7,54,44,110,0,0,0,0,,,
B,vn-x06-info-grad1,402,25,88,10,599,238,215,6,7,54,44,110,0,0,0,0,,,
B,vn-x06-info-grad1,403,26,88,10,599,239,215,6,7,54,44,110,0,0,0,0,,,
B,vn-x06-info-grad1,404,25,86,10,599,239,216,6,7,54,44,111,0,0,0,0,,,
B,vn-x06-info-grad1,405,25,87,10,600,239,216,6,7,54,44,111,0,0,0,0,,,
B,vn-x06-info-grad1,406,25,87,10,600,239,216,6,7,54,44,111,0,0,0,0,,,
B,vn-x06-info-grad1,407,25,87,10,601,239,216,6,7,54,44,111,0,0,0,0,,,
B,vn-x06-info-grad1,408,25,87,10,601,239,216,6,7,54,44,111,0,0,0,0,,,
B,vn-x06-info-grad1,409,25,87,10,601,239,216,6,7,54,44,111,0,0,0,0,,,
B,vn-x06-info-grad1,410,25,87,10,601,239,216,6,7,54,44,111,0,0,0,0,63.36805555555556,0.08680555555555555,0.6944444444444444
B,vn-x06-info-grad1,411,26,88,10,602,240,216,6,7,54,44,111,0,0,0,0,,,
B,vn-x06-info-grad1,412,26,89,10,603,240,216,6,7,54,44,111,0,0,0,0,,,
B,vn-x06-info-grad1,413,26,91,10,605,240,216,6,7,54,44,111,0,0,0,0,,,
B,vn-x06-info-grad1,414,26,91,10,605,240,216,6,7,54,44,111,0,0,0,0,,,
B,vn-x06-info-grad1,415,26,91,10,605,240,216,6,7,54,44,111,0,0,0,0,,,
B,vn-x06-info-grad1,416,26,91,10,605,240,216,6,7,54,44,111,0,0,0,0,,,
B,vn-x06-info-grad1,417,26,91,10,605,240,216,6,7,54,44,111,0,0,0,0,,,
B,vn-x06-info-grad1,418,24,85,10,605,240,218,6,7,54,46,111,0,0,0,0,,,
B,vn-x06-info-grad1,419,24,84,9,605,240,218,6,7,54,46,111,0,0,0,0,,,
B,vn-x06-info-grad1,420,23,82,9,605,240,219,6,7,55,46,111,0,0,0,0,63.28125,1.9965277777777777,0.6944444444444444
B,vn-x06-info-grad1,421,22,79,9,605,240,220,6,7,55,47,111,0,0,0,0,,,
B,vn-x06-info-grad1,422,21,74,9,605,240,221,6,7,55,48,111,0,0,0,0,,,
B,vn-x06-info-grad1,423,21,74,9,605,240,221,6,7,55,48,111,0,0,0,0,,,
B,vn-x06-info-grad1,424,21,76,9,607,240,221,6,7,55,48,111,0,0,0,0,,,
B,vn-x06-info-grad1,425,19,74,10,610,240,223,6,7,55,50,111,0,0,0,0,,,
B,vn-x06-info-grad1,426,17,69,10,610,240,225,6,7,55,52,111,0,0,0,0,,,
B,vn-x06-info-grad1,427,17,71,11,612,240,225,6,7,55,52,111,0,0,0,0,,,
B,vn-x06-info-grad1,428,17,71,11,612,240,225,6,7,55,52,111,0,0,0,0,,,
B,vn-x06-info-grad1,429,16,71,11,614,240,226,6,7,55,53,111,0,0,0,0,,,
B,vn-x06-info-grad1,430,15,69,11,615,240,227,6,7,55,54,111,0,0,0,0,63.19444444444444,0.4340277777777778,0.6944444444444444
B,vn-x06-info-grad1,431,15,71,12,617,240,227,6,7,55,54,111,0,0,0,0,,,
B,vn-x06-info-grad1,432,15,72,13,619,240,227,6,7,55,54,111,0,0,0,0,,,
B,vn-x06-info-grad1,433,15,73,13,620,240,227,6,7,55,54,111,0,0,0,0,,,
B,vn-x06-info-grad1,434,15,74,13,621,240,227,6,7,55,54,111,0,0,0,0,,,
B,vn-x06-info-grad1,435,14,72,14,622,240,228,6,7,55,55,111,0,0,0,0,,,
B,vn-x06-info-grad1,436,13,70,14,623,240,229,6,7,55,56,111,0,0,0,0,,,
B,vn-x06-info-grad1,437,14,71,15,624,241,229,6,7,55,56,111,0,0,0,0,,,
B,vn-x06-info-grad1,438,13,69,15,624,241,230,6,7,55,56,112,0,0,0,0,,,
B,vn-x06-info-grad1,439,13,73,16,628,241,230,6,7,55,56,112,0,0,0,0,,,
B,vn-x06-info-grad1,440,13,73,16,628,241,230,6,7,55,56,112,0,0,0,0,60.59027777777778,1.2152777777777777,0.6944444444444444
B,vn-x06-info-grad1,441,13,73,16,628,241,230,6,7,55,56,112,0,0,0,0,,,
B,vn-x06-info-grad1,442,12,71,16,629,241,231,6,7,55,57,112,0,0,0,0,,,
B,vn-x06-info-grad1,443,12,71,16,629,241,231,6,7,55,57,112,0,0,0,0,,,
B,vn-x06-info-grad1,444,12,73,16,631,241,231,6,7,55,57,112,0,0,0,0,,,
B,vn-x06-info-grad1,445,10,69,16,634,241,233,6,7,55,59,112,0,0,0,0,,,
B,vn-x06-info-grad1,446,11,70,16,635,242,233,6,7,55,59,112,0,0,0,0,,,
B,vn-x06-info-grad1,447,9,62,16,635,242,235,6,7,55,60,113,0,0,0,0,,,
B,vn-x06-info-grad1,448,9,63,16,636,242,235,6,7,55,60,113,0,0,0,0,,,
B,vn-x06-info-grad1,449,10,63,16,636,243,235,6,7,55,60,113,0,0,0,0,,,
B,vn-x06-info-grad1,450,9,62,16,637,243,236,6,7,55,60,114,0,0,0,0,60.763888888888886,0.08680555555555555,0.6944444444444444
B,vn-x06-info-grad1,451,9,63,16,638,243,236,6,7,55,60,114,0,0,0,0,,,
B,vn-x06-info-grad1,452,9,65,16,640,243,236,6,7,55,60,114,0,0,0,0,,,
B,vn-x06-info-grad1,453,9,65,16,640,243,236,6,7,55,60,114,0,0,0,0,,,
B,vn-x06-info-grad1,454,9,66,16,641,243,236,6,7,55,60,114,0,0,0,0,,,
B,vn-x06-info-grad1,455,9,67,16,642,243,236,6,7,55,60,114,0,0,0,0,,,
B,vn-x06-info-grad1,456,9,68,16,643,243,236,6,7,55,60,114,0,0,0,0,,,
B,vn-x06-info-grad1,457,9,68,16,643,243,236,6,7,55,60,114,0,0,0,0,,,
B,vn-x06-info-grad1,458,9,67,16,643,243,236,6,7,55,60,114,0,0,0,0,,,
B,vn-x06-info-grad1,459,8,54,16,643,243,237,7,8,55,60,114,0,0,0,0,,,
B,vn-x06-info-grad1,460,8,55,16,644,243,237,7,8,55,60,114,0,0,0,0,58.420138888888886,1.8229166666666667,0.6944444444444444
B,vn-x06-info-grad1,461,6,43,16,645,243,239,7,8,55,62,114,0,0,0,0,,,
B,vn-x06-info-grad1,462,6,44,16,646,243,239,7,8,55,62,114,0,0,0,0,,,
B,vn-x06-info-grad1,463,6,45,16,647,243,239,7,8,55,62,114,0,0,0,0,,,
B,vn-x06-info-grad1,464,6,47,16,649,243,239,7,8,55,62,114,0,0,0,0,,,
B,vn-x06-info-grad1,465,6,48,16,650,243,239,7,8,55,62,114,0,0,0,0,,,
B,vn-x06-info-grad1,466,6,50,16,652,243,239,7,8,55,62,114,0,0,0,0,,,
B,vn-x06-info-grad1,467,7,50,16,652,244,239,7,8,55,62,114,0,0,0,0,,,
B,vn-x06-info-grad1,468,6,49,16,653,244,240,7,8,55,62,115,0,0,0,0,,,
B,vn-x06-info-grad1,469,6,49,16,653,244,240,7,8,55,62,115,0,0,0,0,,,
B,vn-x06-info-grad1,470,6,50,16,654,244,240,7,8,55,62,115,0,0,0,0,61.111111111111114,1.0416666666666667,0.6944444444444444
B,vn-x06-info-grad1,471,6,50,16,654,244,240,7,8,55,62,115,0,0,0,0,,,
B,vn-x06-info-grad1,472,6,50,16,654,244,240,7,8,55,62,115,0,0,0,0,,,
B,vn-x06-info-grad1,473,6,50,16,654,244,240,7,8,55,62,115,0,0,0,0,,,
B,vn-x06-info-grad1,474,6,48,16,654,244,240,7,8,55,62,115,0,0,0,0,,,
B,vn-x06-info-grad1,475,6,48,16,654,244,240,7,8,55,62,115,0,0,0,0,,,
B,vn-x06-info-grad1,476,6,48,16,654,244,240,7,8,55,62,115,0,0,0,0,,,
B,vn-x06-info-grad1,477,6,48,16,654,244,240,7,8,55,62,115,0,0,0,0,,,
B,vn-x06-info-grad1,478,6,48,16,654,244,240,7,8,55,62,115,0,0,0,0,,,
B,vn-x06-info-grad1,479,6,48,16,654,244,240,7,8,55,62,115,0,0,0,0,,,
B,vn-x06-info-grad1,480,6,48,16,654,244,240,7,8,55,62,115,0,0,0,0,63.107638888888886,1.6493055555555556,0.6944444444444444
B,vn-x06-info-grad1,481,6,48,16,654,244,240,7,8,55,62,115,0,0,0,0,,,
B,vn-x06-info-grad1,482,6,48,16,654,244,240,7,8,55,62,115,0,0,0,0,,,
B,vn-x06-info-grad1,483,6,48,16,654,244,240,7,8,55,62,115,0,0,0,0,,,
B,vn-x06-info-grad1,484,7,48,16,654,245,240,7,8,55,62,115,0,0,0,0,,,
B,vn-x06-info-grad1,485,6,46,16,654,245,241,7,8,55,62,116,0,0,0,0,,,
B,vn-x06-info-grad1,486,6,46,16,654,245,241,7,8,55,62,116,0,0,0,0,,,
B,vn-x06-info-grad1,487,6,46,16,654,245,241,7,8,55,62,116,0,0,0,0,,,
B,vn-x06-info-grad1,488,6,46,16,654,245,241,7,8,55,62,116,0,0,0,0,,,
B,vn-x06-info-grad1,489,6,46,16,654,245,241,7,8,55,62,116,0,0,0,0,,,
B,vn-x06-info-grad1,490,6,46,16,654,245,241,7,8,55,62,116,0,0,0,0,65.79861111111111,0.6944444444444444,0.6944444444444444
B,vn-x06-info-grad1,491,6,46,16,654,245,241,7,8,55,62,116,0,0,0,0,,,
B,vn-x06-info-grad1,492,6,46,16,654,245,241,7,8,55,62,116,0,0,0,0,,,
B,vn-x06-info-grad1,493,6,46,16,654,245,241,7,8,55,62,116,0,0,0,0,,,
B,vn-x06-info-grad1,494,6,46,16,654,245,241,7,8,55,62,116,0,0,0,0,,,
B,vn-x06-info-grad1,495,6,46,16,654,245,241,7,8,55,62,116,0,0,0,0,,,
B,vn-x06-info-grad1,496,6,46,16,654,245,241,7,8,55,62,116,0,0,0,0,,,
B,vn-x06-info-grad1,497,6,46,16,654,245,241,7,8,55,62,116,0,0,0,0,,,
B,vn-x06-info-grad1,498,6,47,16,655,245,241,7,8,55,62,116,0,0,0,0,,,
B,vn-x06-info-grad1,499,6,48,16,656,245,241,7,8,55,62,116,0,0,0,0,,,
B,vn-x06-info-grad1,500,6,49,16,657,245,241,7,8,55,62,116,0,0,0,0,70.13888888888889,0.2604166666666667,0.6944444444444444
