team,bot,round,units,total,longest,pearls,splits,deaths,enemy_kills,killed_by_enemy,team_kills,self_collisions,wall_deaths,invalid_action_deaths,suicides,tle,unattributed_collision_deaths,space_share,space_tied,space_unreachable
A,gavroche-v13-tail-paced-rescue,0,3,12,4,0,0,0,0,0,0,0,0,0,0,0,0,41.791666666666664,2.3333333333333335,14.083333333333334
A,gavroche-v13-tail-paced-rescue,1,6,12,2,0,3,0,0,0,0,0,0,0,0,0,0,,,
A,gavroche-v13-tail-paced-rescue,2,6,12,2,0,3,0,0,0,0,0,0,0,0,0,0,,,
A,gavroche-v13-tail-paced-rescue,3,6,12,2,0,3,0,0,0,0,0,0,0,0,0,0,,,
A,gavroche-v13-tail-paced-rescue,4,6,12,2,0,3,0,0,0,0,0,0,0,0,0,0,,,
A,gavroche-v13-tail-paced-rescue,5,6,12,2,0,3,0,0,0,0,0,0,0,0,0,0,,,
A,gavroche-v13-tail-paced-rescue,6,6,12,2,0,3,0,0,0,0,0,0,0,0,0,0,,,
A,gavroche-v13-tail-paced-rescue,7,6,12,2,0,3,0,0,0,0,0,0,0,0,0,0,,,
A,gavroche-v13-tail-paced-rescue,8,6,12,2,0,3,0,0,0,0,0,0,0,0,0,0,,,
A,gavroche-v13-tail-paced-rescue,9,6,12,2,0,3,0,0,0,0,0,0,0,0,0,0,,,
A,gavroche-v13-tail-paced-rescue,10,6,12,2,0,3,0,0,0,0,0,0,0,0,0,0,57.791666666666664,0.7083333333333334,14.083333333333334
A,gavroche-v13-tail-paced-rescue,11,6,12,2,0,3,0,0,0,0,0,0,0,0,0,0,,,
A,gavroche-v13-tail-paced-rescue,12,6,12,2,0,3,0,0,0,0,0,0,0,0,0,0,,,
A,gavroche-v13-tail-paced-rescue,13,6,12,2,0,3,0,0,0,0,0,0,0,0,0,0,,,
A,gavroche-v13-tail-paced-rescue,14,6,12,2,0,3,0,0,0,0,0,0,0,0,0,0,,,
A,gavroche-v13-tail-paced-rescue,15,6,12,2,0,3,0,0,0,0,0,0,0,0,0,0,,,
A,gavroche-v13-tail-paced-rescue,16,6,12,2,0,3,0,0,0,0,0,0,0,0,0,0,,,
A,gavroche-v13-tail-paced-rescue,17,6,12,2,0,3,0,0,0,0,0,0,0,0,0,0,,,
A,gavroche-v13-tail-paced-rescue,18,6,12,2,0,3,0,0,0,0,0,0,0,0,0,0,,,
A,gavroche-v13-tail-paced-rescue,19,6,12,2,0,3,0,0,0,0,0,0,0,0,0,0,,,
A,gavroche-v13-tail-paced-rescue,20,6,12,2,0,3,0,0,0,0,0,0,0,0,0,0,53.125,0.7916666666666666,14.083333333333334
A,gavroche-v13-tail-paced-rescue,21,6,13,3,1,3,0,0,0,0,0,0,0,0,0,0,,,
A,gavroche-v13-tail-paced-rescue,22,6,14,4,2,3,0,0,0,0,0,0,0,0,0,0,,,
A,gavroche-v13-tail-paced-rescue,23,7,14,2,2,4,0,0,0,0,0,0,0,0,0,0,,,
A,gavroche-v13-tail-paced-rescue,24,7,14,2,2,4,0,0,0,0,0,0,0,0,0,0,,,
A,gavroche-v13-tail-paced-rescue,25,7,15,3,3,4,0,0,0,0,0,0,0,0,0,0,,,
A,gavroche-v13-tail-paced-rescue,26,7,15,3,3,4,0,0,0,0,0,0,0,0,0,0,,,
A,gavroche-v13-tail-paced-rescue,27,7,15,3,3,4,0,0,0,0,0,0,0,0,0,0,,,
A,gavroche-v13-tail-paced-rescue,28,7,15,3,3,4,0,0,0,0,0,0,0,0,0,0,,,
A,gavroche-v13-tail-paced-rescue,29,7,15,3,3,4,0,0,0,0,0,0,0,0,0,0,,,
A,gavroche-v13-tail-paced-rescue,30,7,17,4,5,4,0,0,0,0,0,0,0,0,0,0,43.791666666666664,3.8333333333333335,14.083333333333334
A,gavroche-v13-tail-paced-rescue,31,8,17,3,5,5,0,0,0,0,0,0,0,0,0,0,,,
A,gavroche-v13-tail-paced-rescue,32,8,18,4,6,5,0,0,0,0,0,0,0,0,0,0,,,
A,gavroche-v13-tail-paced-rescue,33,9,19,3,7,6,0,0,0,0,0,0,0,0,0,0,,,
A,gavroche-v13-tail-paced-rescue,34,9,20,3,8,6,0,0,0,0,0,0,0,0,0,0,,,
A,gavroche-v13-tail-paced-rescue,35,9,20,3,8,6,0,0,0,0,0,0,0,0,0,0,,,
A,gavroche-v13-tail-paced-rescue,36,9,20,3,8,6,0,0,0,0,0,0,0,0,0,0,,,
A,gavroche-v13-tail-paced-rescue,37,9,20,3,8,6,0,0,0,0,0,0,0,0,0,0,,,
A,gavroche-v13-tail-paced-rescue,38,9,20,3,8,6,0,0,0,0,0,0,0,0,0,0,,,
A,gavroche-v13-tail-paced-rescue,39,9,22,3,10,6,0,0,0,0,0,0,0,0,0,0,,,
A,gavroche-v13-tail-paced-rescue,40,9,22,3,10,6,0,0,0,0,0,0,0,0,0,0,69.41666666666667,1.9583333333333333,14.083333333333334
A,gavroche-v13-tail-paced-rescue,41,9,22,3,10,6,0,0,0,0,0,0,0,0,0,0,,,
A,gavroche-v13-tail-paced-rescue,42,9,23,4,12,6,0,0,0,0,0,0,0,0,0,0,,,
A,gavroche-v13-tail-paced-rescue,43,10,24,3,13,7,0,0,0,0,0,0,0,0,0,0,,,
A,gavroche-v13-tail-paced-rescue,44,10,25,3,14,7,0,0,0,0,0,0,0,0,0,0,,,
A,gavroche-v13-tail-paced-rescue,45,10,26,4,15,7,0,0,0,0,0,0,0,0,0,0,,,
A,gavroche-v13-tail-paced-rescue,46,11,27,3,16,8,0,0,0,0,0,0,0,0,0,0,,,
A,gavroche-v13-tail-paced-rescue,47,11,28,4,17,8,0,0,0,0,0,0,0,0,0,0,,,
A,gavroche-v13-tail-paced-rescue,48,12,30,4,19,9,0,0,0,0,0,0,0,0,0,0,,,
A,gavroche-v13-tail-paced-rescue,49,14,32,3,21,11,0,0,0,0,0,0,0,0,0,0,,,
A,gavroche-v13-tail-paced-rescue,50,14,34,3,23,11,0,0,0,0,0,0,0,0,0,0,55.583333333333336,0.9166666666666666,14.083333333333334
A,gavroche-v13-tail-paced-rescue,51,14,35,4,24,11,0,0,0,0,0,0,0,0,0,0,,,
A,gavroche-v13-tail-paced-rescue,52,14,35,4,26,12,1,0,0,0,1,0,0,0,0,0,,,
A,gavroche-v13-tail-paced-rescue,53,16,35,3,26,14,1,0,0,0,1,0,0,0,0,0,,,
A,gavroche-v13-tail-paced-rescue,54,16,38,4,29,14,1,0,0,0,1,0,0,0,0,0,,,
A,gavroche-v13-tail-paced-rescue,55,17,42,4,33,15,1,0,0,0,1,0,0,0,0,0,,,
A,gavroche-v13-tail-paced-rescue,56,16,40,4,36,16,3,0,0,2,1,0,0,0,0,0,,,
A,gavroche-v13-tail-paced-rescue,57,17,44,4,40,17,3,0,0,2,1,0,0,0,0,0,,,
A,gavroche-v13-tail-paced-rescue,58,19,46,3,42,19,3,0,0,2,1,0,0,0,0,0,,,
A,gavroche-v13-tail-paced-rescue,59,19,50,4,46,19,3,0,0,2,1,0,0,0,0,0,,,
A,gavroche-v13-tail-paced-rescue,60,22,52,4,48,22,3,0,0,2,1,0,0,0,0,0,47.458333333333336,7.125,14.083333333333334
A,gavroche-v13-tail-paced-rescue,61,23,58,4,54,23,3,0,0,2,1,0,0,0,0,0,,,
A,gavroche-v13-tail-paced-rescue,62,26,62,4,58,26,3,0,0,2,1,0,0,0,0,0,,,
A,gavroche-v13-tail-paced-rescue,63,26,70,5,66,26,3,0,0,2,1,0,0,0,0,0,,,
A,gavroche-v13-tail-paced-rescue,64,30,75,4,71,30,3,0,0,2,1,0,0,0,0,0,,,
A,gavroche-v13-tail-paced-rescue,65,29,78,5,77,30,4,0,0,2,1,1,0,0,0,0,,,
A,gavroche-v13-tail-paced-rescue,66,32,82,4,81,33,4,0,0,2,1,1,0,0,0,0,,,
A,gavroche-v13-tail-paced-rescue,67,33,85,4,86,35,5,0,0,2,2,1,0,0,0,0,,,
A,gavroche-v13-tail-paced-rescue,68,34,89,4,92,37,6,0,0,2,2,2,0,0,0,0,,,
A,gavroche-v13-tail-paced-rescue,69,35,89,4,94,39,7,0,0,2,2,3,0,0,0,0,,,
A,gavroche-v13-tail-paced-rescue,70,36,93,4,98,40,7,0,0,2,2,3,0,0,0,0,55.75,3.7916666666666665,14.083333333333334
A,gavroche-v13-tail-paced-rescue,71,37,99,5,107,42,8,1,1,2,2,3,0,0,0,0,,,
A,gavroche-v13-tail-paced-rescue,72,40,104,6,112,45,8,1,1,2,2,3,0,0,0,0,,,
A,gavroche-v13-tail-paced-rescue,73,40,102,4,115,46,9,1,1,2,3,3,0,0,0,0,,,
A,gavroche-v13-tail-paced-rescue,74,40,103,4,122,48,11,1,1,3,3,4,0,0,0,0,,,
A,gavroche-v13-tail-paced-rescue,75,42,114,4,133,50,11,1,1,3,3,4,0,0,0,0,,,
A,gavroche-v13-tail-paced-rescue,76,42,112,4,136,52,13,1,1,3,5,4,0,0,0,0,,,
A,gavroche-v13-tail-paced-rescue,77,44,112,3,137,54,13,1,1,3,5,4,0,0,0,0,,,
A,gavroche-v13-tail-paced-rescue,78,44,114,3,139,54,13,1,1,3,5,4,0,0,0,0,,,
A,gavroche-v13-tail-paced-rescue,79,44,117,4,142,54,13,1,1,3,5,4,0,0,0,0,,,
A,gavroche-v13-tail-paced-rescue,80,44,119,4,149,56,15,1,1,5,5,4,0,0,0,0,65.33333333333333,1.5833333333333333,14.083333333333334
A,gavroche-v13-tail-paced-rescue,81,46,119,5,154,60,17,1,1,6,6,4,0,0,0,0,,,
A,gavroche-v13-tail-paced-rescue,82,47,120,6,159,62,18,1,1,6,6,5,0,0,0,0,,,
A,gavroche-v13-tail-paced-rescue,83,47,118,7,161,64,20,1,1,6,6,7,0,0,0,0,,,
A,gavroche-v13-tail-paced-rescue,84,46,118,7,165,65,22,1,1,7,6,8,0,0,0,0,,,
A,gavroche-v13-tail-paced-rescue,85,46,115,5,166,66,23,1,1,8,6,8,0,0,0,0,,,
A,gavroche-v13-tail-paced-rescue,86,47,116,3,167,67,23,1,1,8,6,8,0,0,0,0,,,
A,gavroche-v13-tail-paced-rescue,87,45,114,3,169,67,25,1,1,8,6,10,0,0,0,0,,,
A,gavroche-v13-tail-paced-rescue,88,43,113,4,173,67,27,1,1,8,7,11,0,0,0,0,,,
A,gavroche-v13-tail-paced-rescue,89,46,117,4,177,70,27,1,1,8,7,11,0,0,0,0,,,
A,gavroche-v13-tail-paced-rescue,90,45,112,4,179,71,29,2,2,8,8,11,0,0,0,0,74.25,3.375,14.083333333333334
A,gavroche-v13-tail-paced-rescue,91,47,113,3,180,73,29,2,2,8,8,11,0,0,0,0,,,
A,gavroche-v13-tail-paced-rescue,92,45,111,4,182,73,31,3,3,8,8,12,0,0,0,0,,,
A,gavroche-v13-tail-paced-rescue,93,40,101,4,187,73,36,3,3,11,8,14,0,0,0,0,,,
A,gavroche-v13-tail-paced-rescue,94,41,104,4,191,74,36,3,3,11,8,14,0,0,0,0,,,
A,gavroche-v13-tail-paced-rescue,95,43,106,4,193,76,36,4,3,11,8,14,0,0,0,0,,,
A,gavroche-v13-tail-paced-rescue,96,42,102,3,196,77,38,4,3,13,8,14,0,0,0,0,,,
A,gavroche-v13-tail-paced-rescue,97,42,106,4,200,77,38,4,3,13,8,14,0,0,0,0,,,
A,gavroche-v13-tail-paced-rescue,98,45,109,4,203,80,38,4,3,13,8,14,0,0,0,0,,,
A,gavroche-v13-tail-paced-rescue,99,46,109,4,205,82,39,4,3,14,8,14,0,0,0,0,,,
A,gavroche-v13-tail-paced-rescue,100,46,109,3,207,83,40,4,3,15,8,14,0,0,0,0,65.83333333333333,9.791666666666666,14.083333333333334
A,gavroche-v13-tail-paced-rescue,101,46,111,4,210,83,40,4,3,15,8,14,0,0,0,0,,,
A,gavroche-v13-tail-paced-rescue,102,46,110,4,214,85,42,5,4,16,8,14,0,0,0,0,,,
A,gavroche-v13-tail-paced-rescue,103,46,108,3,216,87,44,5,4,18,8,14,0,0,0,0,,,
A,gavroche-v13-tail-paced-rescue,104,45,107,4,218,87,45,5,4,18,8,15,0,0,0,0,,,
A,gavroche-v13-tail-paced-rescue,105,46,111,4,222,88,45,5,4,18,8,15,0,0,0,0,,,
A,gavroche-v13-tail-paced-rescue,106,45,113,4,228,89,47,7,6,18,8,15,0,0,0,0,,,
A,gavroche-v13-tail-paced-rescue,107,47,115,4,233,92,48,7,6,18,9,15,0,0,0,0,,,
A,gavroche-v13-tail-paced-rescue,108,47,119,4,239,93,49,7,6,19,9,15,0,0,0,0,,,
A,gavroche-v13-tail-paced-rescue,109,48,121,4,243,95,50,8,7,19,9,15,0,0,0,0,,,
A,gavroche-v13-tail-paced-rescue,110,49,124,4,247,96,50,8,7,19,9,15,0,0,0,0,55.625,5.416666666666667,14.083333333333334
A,gavroche-v13-tail-paced-rescue,111,50,123,4,250,99,52,8,7,19,9,17,0,0,0,0,,,
A,gavroche-v13-tail-paced-rescue,112,51,127,4,257,101,53,9,8,19,9,17,0,0,0,0,,,
A,gavroche-v13-tail-paced-rescue,113,52,131,4,263,103,54,10,9,19,9,17,0,0,0,0,,,
A,gavroche-v13-tail-paced-rescue,114,53,135,5,269,105,55,10,9,19,9,18,0,0,0,0,,,
A,gavroche-v13-tail-paced-rescue,115,53,133,6,274,108,58,12,11,19,9,19,0,0,0,0,,,
A,gavroche-v13-tail-paced-rescue,116,53,137,4,284,110,60,12,11,19,9,21,0,0,0,0,,,
A,gavroche-v13-tail-paced-rescue,117,52,135,4,288,112,63,12,11,21,9,22,0,0,0,0,,,
A,gavroche-v13-tail-paced-rescue,118,54,137,4,292,115,64,12,11,22,9,22,0,0,0,0,,,
A,gavroche-v13-tail-paced-rescue,119,54,139,4,296,116,65,12,11,22,10,22,0,0,0,0,,,
A,gavroche-v13-tail-paced-rescue,120,57,143,4,300,119,65,12,11,22,10,22,0,0,0,0,62.916666666666664,6.375,14.083333333333334
A,gavroche-v13-tail-paced-rescue,121,54,134,4,304,121,70,12,11,26,10,23,0,0,0,0,,,
A,gavroche-v13-tail-paced-rescue,122,55,140,4,310,122,70,12,11,26,10,23,0,0,0,0,,,
A,gavroche-v13-tail-paced-rescue,123,58,142,4,312,125,70,12,11,26,10,23,0,0,0,0,,,
A,gavroche-v13-tail-paced-rescue,124,59,146,4,316,126,70,12,11,26,10,23,0,0,0,0,,,
A,gavroche-v13-tail-paced-rescue,125,57,142,4,319,127,73,12,11,28,10,24,0,0,0,0,,,
A,gavroche-v13-tail-paced-rescue,126,57,140,3,321,128,74,12,11,28,10,25,0,0,0,0,,,
A,gavroche-v13-tail-paced-rescue,127,56,142,4,326,128,75,12,11,28,10,26,0,0,0,0,,,
A,gavroche-v13-tail-paced-rescue,128,58,146,4,330,130,75,12,11,28,10,26,0,0,0,0,,,
A,gavroche-v13-tail-paced-rescue,129,58,140,4,331,133,78,12,11,30,10,27,0,0,0,0,,,
A,gavroche-v13-tail-paced-rescue,130,59,146,4,337,134,78,12,11,30,10,27,0,0,0,0,67.95833333333333,4.166666666666667,14.083333333333334
A,gavroche-v13-tail-paced-rescue,131,60,145,3,339,136,79,12,11,30,10,28,0,0,0,0,,,
A,gavroche-v13-tail-paced-rescue,132,60,151,4,345,136,79,12,11,30,10,28,0,0,0,0,,,
A,gavroche-v13-tail-paced-rescue,133,62,152,3,346,138,79,12,11,30,10,28,0,0,0,0,,,
A,gavroche-v13-tail-paced-rescue,134,61,151,4,348,138,80,12,11,30,10,29,0,0,0,0,,,
A,gavroche-v13-tail-paced-rescue,135,62,150,4,350,140,81,12,11,30,10,30,0,0,0,0,,,
A,gavroche-v13-tail-paced-rescue,136,62,151,4,353,141,82,12,11,31,10,30,0,0,0,0,,,
A,gavroche-v13-tail-paced-rescue,137,62,151,4,357,143,84,12,11,31,11,31,0,0,0,0,,,
A,gavroche-v13-tail-paced-rescue,138,64,157,4,363,145,84,12,11,31,11,31,0,0,0,0,,,
A,gavroche-v13-tail-paced-rescue,139,63,158,5,366,145,85,12,11,31,12,31,0,0,0,0,,,
A,gavroche-v13-tail-paced-rescue,140,64,156,5,369,148,87,12,11,33,12,31,0,0,0,0,63.708333333333336,2.7083333333333335,14.083333333333334
A,gavroche-v13-tail-paced-rescue,141,64,158,5,371,148,87,12,11,33,12,31,0,0,0,0,,,
A,gavroche-v13-tail-paced-rescue,142,64,159,6,376,150,89,12,11,33,13,32,0,0,0,0,,,
A,gavroche-v13-tail-paced-rescue,143,64,160,6,377,150,89,12,11,33,13,32,0,0,0,0,,,
A,gavroche-v13-tail-paced-rescue,144,64,165,7,382,150,89,12,11,33,13,32,0,0,0,0,,,
A,gavroche-v13-tail-paced-rescue,145,64,161,5,385,152,91,12,11,35,13,32,0,0,0,0,,,
A,gavroche-v13-tail-paced-rescue,146,64,163,5,388,152,91,12,11,35,13,32,0,0,0,0,,,
A,gavroche-v13-tail-paced-rescue,147,62,163,5,394,152,93,12,11,35,13,34,0,0,0,0,,,
A,gavroche-v13-tail-paced-rescue,148,64,167,5,400,155,94,12,11,35,13,35,0,0,0,0,,,
A,gavroche-v13-tail-paced-rescue,149,63,158,5,400,157,97,12,11,36,13,37,0,0,0,0,,,
A,gavroche-v13-tail-paced-rescue,150,64,163,5,405,158,97,12,11,36,13,37,0,0,0,0,61.833333333333336,2.7916666666666665,14.083333333333334
A,gavroche-v13-tail-paced-rescue,151,63,160,5,409,159,99,12,11,36,14,38,0,0,0,0,,,
A,gavroche-v13-tail-paced-rescue,152,64,165,6,414,160,99,12,11,36,14,38,0,0,0,0,,,
A,gavroche-v13-tail-paced-rescue,153,64,161,6,415,161,100,12,11,36,14,39,0,0,0,0,,,
A,gavroche-v13-tail-paced-rescue,154,64,164,6,418,161,100,12,11,36,14,39,0,0,0,0,,,
A,gavroche-v13-tail-paced-rescue,155,64,166,5,423,162,101,12,11,36,15,39,0,0,0,0,,,
A,gavroche-v13-tail-paced-rescue,156,64,168,5,425,162,101,12,11,36,15,39,0,0,0,0,,,
A,gavroche-v13-tail-paced-rescue,157,64,170,5,427,162,101,12,11,36,15,39,0,0,0,0,,,
A,gavroche-v13-tail-paced-rescue,158,63,166,5,428,163,103,12,11,38,15,39,0,0,0,0,,,
A,gavroche-v13-tail-paced-rescue,159,64,169,5,431,164,103,12,11,38,15,39,0,0,0,0,,,
A,gavroche-v13-tail-paced-rescue,160,63,163,5,435,166,106,12,11,38,17,40,0,0,0,0,60.916666666666664,5.0,14.083333333333334
A,gavroche-v13-tail-paced-rescue,161,62,157,5,439,168,109,12,11,40,17,41,0,0,0,0,,,
A,gavroche-v13-tail-paced-rescue,162,63,155,4,447,173,113,12,12,42,17,42,0,0,0,0,,,
A,gavroche-v13-tail-paced-rescue,163,64,151,3,447,175,114,12,12,43,17,42,0,0,0,0,,,
A,gavroche-v13-tail-paced-rescue,164,63,156,4,454,175,115,12,12,43,17,43,0,0,0,0,,,
A,gavroche-v13-tail-paced-rescue,165,64,165,4,463,176,115,12,12,43,17,43,0,0,0,0,,,
A,gavroche-v13-tail-paced-rescue,166,62,159,5,467,178,119,12,12,46,18,43,0,0,0,0,,,
A,gavroche-v13-tail-paced-rescue,167,64,163,4,471,180,119,12,12,46,18,43,0,0,0,0,,,
A,gavroche-v13-tail-paced-rescue,168,64,168,4,476,180,119,12,12,46,18,43,0,0,0,0,,,
A,gavroche-v13-tail-paced-rescue,169,64,171,5,482,181,120,12,12,47,18,43,0,0,0,0,,,
A,gavroche-v13-tail-paced-rescue,170,62,168,6,487,182,123,13,13,47,18,45,0,0,0,0,59.666666666666664,0.9166666666666666,14.083333333333334
A,gavroche-v13-tail-paced-rescue,171,64,174,6,493,184,123,13,13,47,18,45,0,0,0,0,,,
A,gavroche-v13-tail-paced-rescue,172,64,183,7,502,184,123,13,13,47,18,45,0,0,0,0,,,
A,gavroche-v13-tail-paced-rescue,173,64,185,7,509,186,125,13,13,49,18,45,0,0,0,0,,,
A,gavroche-v13-tail-paced-rescue,174,63,183,7,514,186,126,13,13,49,18,46,0,0,0,0,,,
A,gavroche-v13-tail-paced-rescue,175,64,187,8,518,187,126,13,13,49,18,46,0,0,0,0,,,
A,gavroche-v13-tail-paced-rescue,176,62,183,8,522,187,128,14,14,49,18,47,0,0,0,0,,,
A,gavroche-v13-tail-paced-rescue,177,62,186,9,531,190,131,15,15,49,19,48,0,0,0,0,,,
A,gavroche-v13-tail-paced-rescue,178,62,180,8,536,194,135,15,15,51,21,48,0,0,0,0,,,
A,gavroche-v13-tail-paced-rescue,179,64,187,8,544,196,135,15,15,51,21,48,0,0,0,0,,,
A,gavroche-v13-tail-paced-rescue,180,63,188,8,550,197,137,15,15,51,22,49,0,0,0,0,58.541666666666664,1.9166666666666667,14.083333333333334
A,gavroche-v13-tail-paced-rescue,181,64,190,8,555,199,138,15,15,51,22,50,0,0,0,0,,,
A,gavroche-v13-tail-paced-rescue,182,64,191,8,560,200,139,15,15,51,23,50,0,0,0,0,,,
A,gavroche-v13-tail-paced-rescue,183,64,196,9,569,202,141,16,16,51,23,51,0,0,0,0,,,
A,gavroche-v13-tail-paced-rescue,184,63,198,10,579,203,143,16,16,53,23,51,0,0,0,0,,,
A,gavroche-v13-tail-paced-rescue,185,64,205,10,586,204,143,16,16,53,23,51,0,0,0,0,,,
A,gavroche-v13-tail-paced-rescue,186,64,210,11,593,205,144,17,17,53,23,51,0,0,0,0,,,
A,gavroche-v13-tail-paced-rescue,187,64,202,11,598,208,147,17,17,56,23,51,0,0,0,0,,,
A,gavroche-v13-tail-paced-rescue,188,61,196,11,601,209,151,18,18,58,23,52,0,0,0,0,,,
A,gavroche-v13-tail-paced-rescue,189,64,199,11,604,212,151,18,18,58,23,52,0,0,0,0,,,
A,gavroche-v13-tail-paced-rescue,190,62,195,9,612,213,154,18,18,61,23,52,0,0,0,0,60.583333333333336,2.2083333333333335,14.083333333333334
A,gavroche-v13-tail-paced-rescue,191,63,195,9,616,215,155,18,18,61,23,53,0,0,0,0,,,
A,gavroche-v13-tail-paced-rescue,192,63,195,8,621,217,157,19,19,61,23,54,0,0,0,0,,,
A,gavroche-v13-tail-paced-rescue,193,63,191,8,627,219,159,19,19,61,24,55,0,0,0,0,,,
A,gavroche-v13-tail-paced-rescue,194,64,192,8,632,221,160,19,19,61,24,56,0,0,0,0,,,
A,gavroche-v13-tail-paced-rescue,195,64,196,9,637,221,160,19,19,61,24,56,0,0,0,0,,,
A,gavroche-v13-tail-paced-rescue,196,64,199,9,640,221,160,19,19,61,24,56,0,0,0,0,,,
A,gavroche-v13-tail-paced-rescue,197,64,194,9,640,222,161,19,19,61,24,57,0,0,0,0,,,
A,gavroche-v13-tail-paced-rescue,198,64,196,9,642,222,161,19,19,61,24,57,0,0,0,0,,,
A,gavroche-v13-tail-paced-rescue,199,61,184,9,646,224,166,20,20,63,24,59,0,0,0,0,,,
A,gavroche-v13-tail-paced-rescue,200,64,187,9,649,227,166,20,20,63,24,59,0,0,0,0,57.166666666666664,2.0416666666666665,14.083333333333334
A,gavroche-v13-tail-paced-rescue,201,63,184,9,649,227,167,20,20,63,24,60,0,0,0,0,,,
A,gavroche-v13-tail-paced-rescue,202,64,186,9,652,228,167,20,20,63,24,60,0,0,0,0,,,
A,gavroche-v13-tail-paced-rescue,203,64,187,9,653,228,167,20,20,63,24,60,0,0,0,0,,,
A,gavroche-v13-tail-paced-rescue,204,64,185,9,653,229,168,20,20,64,24,60,0,0,0,0,,,
A,gavroche-v13-tail-paced-rescue,205,64,183,9,655,231,170,21,21,64,24,61,0,0,0,0,,,
A,gavroche-v13-tail-paced-rescue,206,63,183,9,658,231,171,21,21,64,24,62,0,0,0,0,,,
A,gavroche-v13-tail-paced-rescue,207,63,183,9,660,232,172,21,22,64,24,62,0,0,0,0,,,
A,gavroche-v13-tail-paced-rescue,208,64,182,7,662,234,173,21,22,64,24,63,0,0,0,0,,,
A,gavroche-v13-tail-paced-rescue,209,64,188,8,668,234,173,21,22,64,24,63,0,0,0,0,,,
A,gavroche-v13-tail-paced-rescue,210,64,186,8,676,238,177,22,23,67,24,63,0,0,0,0,57.416666666666664,2.5416666666666665,14.083333333333334
A,gavroche-v13-tail-paced-rescue,211,63,185,8,678,238,178,22,23,67,24,64,0,0,0,0,,,
A,gavroche-v13-tail-paced-rescue,212,64,187,8,686,241,180,22,23,67,24,66,0,0,0,0,,,
A,gavroche-v13-tail-paced-rescue,213,64,187,8,687,241,180,22,23,67,24,66,0,0,0,0,,,
A,gavroche-v13-tail-paced-rescue,214,64,190,8,692,242,181,23,24,67,24,66,0,0,0,0,,,
A,gavroche-v13-tail-paced-rescue,215,64,187,7,697,243,182,23,24,67,24,67,0,0,0,0,,,
A,gavroche-v13-tail-paced-rescue,216,64,186,7,698,244,183,24,25,67,24,67,0,0,0,0,,,
A,gavroche-v13-tail-paced-rescue,217,63,188,8,702,244,184,24,25,67,24,68,0,0,0,0,,,
A,gavroche-v13-tail-paced-rescue,218,64,192,7,707,245,184,24,25,67,24,68,0,0,0,0,,,
A,gavroche-v13-tail-paced-rescue,219,64,187,6,713,247,186,25,26,67,24,69,0,0,0,0,,,
A,gavroche-v13-tail-paced-rescue,220,64,191,6,717,247,186,25,26,67,24,69,0,0,0,0,57.666666666666664,3.4166666666666665,14.083333333333334
A,gavroche-v13-tail-paced-rescue,221,64,194,7,720,247,186,25,26,67,24,69,0,0,0,0,,,
A,gavroche-v13-tail-paced-rescue,222,63,195,7,723,247,187,26,27,67,24,69,0,0,0,0,,,
A,gavroche-v13-tail-paced-rescue,223,64,193,7,724,249,188,27,28,67,24,69,0,0,0,0,,,
A,gavroche-v13-tail-paced-rescue,224,64,196,7,727,249,188,27,28,67,24,69,0,0,0,0,,,
A,gavroche-v13-tail-paced-rescue,225,64,199,7,730,249,188,27,28,67,24,69,0,0,0,0,,,
A,gavroche-v13-tail-paced-rescue,226,64,192,7,732,252,191,28,29,68,24,70,0,0,0,0,,,
A,gavroche-v13-tail-paced-rescue,227,63,196,7,738,252,192,29,30,68,24,70,0,0,0,0,,,
A,gavroche-v13-tail-paced-rescue,228,64,201,7,745,253,192,29,30,68,24,70,0,0,0,0,,,
A,gavroche-v13-tail-paced-rescue,229,63,201,7,748,253,193,29,30,69,24,70,0,0,0,0,,,
A,gavroche-v13-tail-paced-rescue,230,64,198,7,752,255,194,29,30,69,24,71,0,0,0,0,56.583333333333336,3.3333333333333335,14.083333333333334
A,gavroche-v13-tail-paced-rescue,231,64,198,7,753,255,194,29,30,69,24,71,0,0,0,0,,,
A,gavroche-v13-tail-paced-rescue,232,62,188,7,753,256,197,29,30,71,24,72,0,0,0,0,,,
A,gavroche-v13-tail-paced-rescue,233,64,189,8,759,260,199,31,32,71,24,72,0,0,0,0,,,
A,gavroche-v13-tail-paced-rescue,234,64,194,8,764,260,199,31,32,71,24,72,0,0,0,0,,,
A,gavroche-v13-tail-paced-rescue,235,64,192,7,770,263,202,31,32,74,24,72,0,0,0,0,,,
A,gavroche-v13-tail-paced-rescue,236,64,196,7,774,263,202,31,32,74,24,72,0,0,0,0,,,
A,gavroche-v13-tail-paced-rescue,237,64,201,8,779,263,202,31,32,74,24,72,0,0,0,0,,,
A,gavroche-v13-tail-paced-rescue,238,63,202,8,789,264,204,31,32,74,24,74,0,0,0,0,,,
A,gavroche-v13-tail-paced-rescue,239,61,200,8,796,265,207,32,33,74,25,75,0,0,0,0,,,
A,gavroche-v13-tail-paced-rescue,240,64,203,8,799,268,207,32,33,74,25,75,0,0,0,0,56.0,1.7916666666666667,14.083333333333334
A,gavroche-v13-tail-paced-rescue,241,64,207,8,803,268,207,32,33,74,25,75,0,0,0,0,,,
A,gavroche-v13-tail-paced-rescue,242,64,210,8,806,268,207,32,33,74,25,75,0,0,0,0,,,
A,gavroche-v13-tail-paced-rescue,243,64,214,8,810,268,207,32,33,74,25,75,0,0,0,0,,,
A,gavroche-v13-tail-paced-rescue,244,64,214,8,811,268,207,32,33,74,25,75,0,0,0,0,,,
A,gavroche-v13-tail-paced-rescue,245,62,214,8,815,268,209,32,33,76,25,75,0,0,0,0,,,
A,gavroche-v13-tail-paced-rescue,246,63,208,8,816,271,211,32,33,77,26,75,0,0,0,0,,,
A,gavroche-v13-tail-paced-rescue,247,64,203,9,819,274,213,32,33,77,27,76,0,0,0,0,,,
A,gavroche-v13-tail-paced-rescue,248,64,203,10,822,275,214,33,34,77,27,76,0,0,0,0,,,
A,gavroche-v13-tail-paced-rescue,249,64,206,10,826,275,214,33,34,77,27,76,0,0,0,0,,,
A,gavroche-v13-tail-paced-rescue,250,64,197,8,830,277,216,34,35,77,27,77,0,0,0,0,55.541666666666664,2.7916666666666665,14.083333333333334
A,gavroche-v13-tail-paced-rescue,251,64,194,8,833,279,218,35,36,77,27,78,0,0,0,0,,,
A,gavroche-v13-tail-paced-rescue,252,63,188,9,839,280,220,35,36,78,27,79,0,0,0,0,,,
A,gavroche-v13-tail-paced-rescue,253,64,185,8,841,283,222,36,37,79,27,79,0,0,0,0,,,
A,gavroche-v13-tail-paced-rescue,254,64,191,8,847,283,222,36,37,79,27,79,0,0,0,0,,,
A,gavroche-v13-tail-paced-rescue,255,64,193,8,849,283,222,36,37,79,27,79,0,0,0,0,,,
A,gavroche-v13-tail-paced-rescue,256,64,198,9,855,283,222,36,37,79,27,79,0,0,0,0,,,
A,gavroche-v13-tail-paced-rescue,257,64,197,10,859,284,223,36,37,79,28,79,0,0,0,0,,,
A,gavroche-v13-tail-paced-rescue,258,64,190,8,865,286,225,36,37,80,28,80,0,0,0,0,,,
A,gavroche-v13-tail-paced-rescue,259,64,192,8,867,286,225,36,37,80,28,80,0,0,0,0,,,
A,gavroche-v13-tail-paced-rescue,260,64,195,9,873,287,226,36,37,81,28,80,0,0,0,0,55.791666666666664,3.0833333333333335,14.083333333333334
A,gavroche-v13-tail-paced-rescue,261,64,197,9,875,287,226,36,37,81,28,80,0,0,0,0,,,
A,gavroche-v13-tail-paced-rescue,262,64,199,9,879,288,227,37,38,81,28,80,0,0,0,0,,,
A,gavroche-v13-tail-paced-rescue,263,64,204,10,884,288,227,37,38,81,28,80,0,0,0,0,,,
A,gavroche-v13-tail-paced-rescue,264,63,209,11,892,288,228,37,38,81,29,80,0,0,0,0,,,
A,gavroche-v13-tail-paced-rescue,265,64,209,11,896,290,229,38,39,81,29,80,0,0,0,0,,,
A,gavroche-v13-tail-paced-rescue,266,63,214,12,903,290,230,38,39,81,29,81,0,0,0,0,,,
A,gavroche-v13-tail-paced-rescue,267,64,204,12,905,292,231,38,39,81,29,82,0,0,0,0,,,
A,gavroche-v13-tail-paced-rescue,268,64,208,13,912,293,232,39,40,81,29,82,0,0,0,0,,,
A,gavroche-v13-tail-paced-rescue,269,64,202,14,919,295,234,39,40,82,30,82,0,0,0,0,,,
A,gavroche-v13-tail-paced-rescue,270,63,201,14,921,295,235,40,41,82,30,82,0,0,0,0,59.333333333333336,2.5416666666666665,14.083333333333334
A,gavroche-v13-tail-paced-rescue,271,63,199,14,925,297,237,41,42,82,30,83,0,0,0,0,,,
A,gavroche-v13-tail-paced-rescue,272,62,197,14,929,298,239,41,42,82,30,85,0,0,0,0,,,
A,gavroche-v13-tail-paced-rescue,273,64,203,15,935,300,239,41,42,82,30,85,0,0,0,0,,,
A,gavroche-v13-tail-paced-rescue,274,63,209,16,943,300,240,41,42,83,30,85,0,0,0,0,,,
A,gavroche-v13-tail-paced-rescue,275,64,210,14,945,301,240,41,42,83,30,85,0,0,0,0,,,
A,gavroche-v13-tail-paced-rescue,276,63,209,14,949,302,242,42,43,84,30,85,0,0,0,0,,,
A,gavroche-v13-tail-paced-rescue,277,63,204,14,955,304,244,42,43,85,30,86,0,0,0,0,,,
A,gavroche-v13-tail-paced-rescue,278,63,205,14,958,305,245,42,43,86,30,86,0,0,0,0,,,
A,gavroche-v13-tail-paced-rescue,279,64,203,14,960,307,246,42,43,86,30,87,0,0,0,0,,,
A,gavroche-v13-tail-paced-rescue,280,63,206,15,966,307,247,43,44,86,30,87,0,0,0,0,58.291666666666664,0.5833333333333334,14.083333333333334
A,gavroche-v13-tail-paced-rescue,281,64,209,15,969,308,247,43,44,86,30,87,0,0,0,0,,,
A,gavroche-v13-tail-paced-rescue,282,64,212,15,972,308,247,43,44,86,30,87,0,0,0,0,,,
A,gavroche-v13-tail-paced-rescue,283,64,214,15,974,308,247,43,44,86,30,87,0,0,0,0,,,
A,gavroche-v13-tail-paced-rescue,284,64,210,15,979,309,248,43,44,86,30,88,0,0,0,0,,,
A,gavroche-v13-tail-paced-rescue,285,64,211,13,982,310,249,43,44,86,31,88,0,0,0,0,,,
A,gavroche-v13-tail-paced-rescue,286,64,209,13,983,311,250,43,44,87,31,88,0,0,0,0,,,
A,gavroche-v13-tail-paced-rescue,287,64,206,13,983,312,251,43,44,87,31,89,0,0,0,0,,,
A,gavroche-v13-tail-paced-rescue,288,64,207,13,987,313,252,44,45,87,31,89,0,0,0,0,,,
A,gavroche-v13-tail-paced-rescue,289,64,207,13,987,313,252,44,45,87,31,89,0,0,0,0,,,
A,gavroche-v13-tail-paced-rescue,290,64,211,13,991,313,252,44,45,87,31,89,0,0,0,0,57.875,1.9583333333333333,14.083333333333334
A,gavroche-v13-tail-paced-rescue,291,64,211,12,993,314,253,44,45,87,31,90,0,0,0,0,,,
A,gavroche-v13-tail-paced-rescue,292,64,201,12,996,316,255,45,46,88,31,90,0,0,0,0,,,
A,gavroche-v13-tail-paced-rescue,293,63,199,12,996,316,256,45,46,88,31,91,0,0,0,0,,,
A,gavroche-v13-tail-paced-rescue,294,63,202,12,1001,317,257,46,47,88,31,91,0,0,0,0,,,
A,gavroche-v13-tail-paced-rescue,295,64,198,12,1003,320,259,46,47,90,31,91,0,0,0,0,,,
A,gavroche-v13-tail-paced-rescue,296,64,207,12,1012,320,259,46,47,90,31,91,0,0,0,0,,,
A,gavroche-v13-tail-paced-rescue,297,64,209,12,1014,320,259,46,47,90,31,91,0,0,0,0,,,
A,gavroche-v13-tail-paced-rescue,298,64,217,12,1022,320,259,46,47,90,31,91,0,0,0,0,,,
A,gavroche-v13-tail-paced-rescue,299,64,209,8,1029,322,261,46,47,90,33,91,0,0,0,0,,,
A,gavroche-v13-tail-paced-rescue,300,64,214,8,1034,322,261,46,47,90,33,91,0,0,0,0,58.0,1.2916666666666667,14.083333333333334
A,gavroche-v13-tail-paced-rescue,301,64,215,8,1036,322,261,46,47,90,33,91,0,0,0,0,,,
A,gavroche-v13-tail-paced-rescue,302,64,212,9,1043,324,263,47,48,90,33,92,0,0,0,0,,,
A,gavroche-v13-tail-paced-rescue,303,64,217,10,1048,324,263,47,48,90,33,92,0,0,0,0,,,
A,gavroche-v13-tail-paced-rescue,304,64,223,11,1054,324,263,47,48,90,33,92,0,0,0,0,,,
A,gavroche-v13-tail-paced-rescue,305,63,221,11,1057,324,264,47,48,90,33,93,0,0,0,0,,,
A,gavroche-v13-tail-paced-rescue,306,64,219,11,1062,327,266,47,48,92,33,93,0,0,0,0,,,
A,gavroche-v13-tail-paced-rescue,307,64,217,11,1064,328,267,48,49,92,33,93,0,0,0,0,,,
A,gavroche-v13-tail-paced-rescue,308,64,220,12,1071,329,268,48,49,92,34,93,0,0,0,0,,,
A,gavroche-v13-tail-paced-rescue,309,64,224,13,1076,329,268,48,49,92,34,93,0,0,0,0,,,
A,gavroche-v13-tail-paced-rescue,310,64,225,14,1077,329,268,48,49,92,34,93,0,0,0,0,58.375,1.625,14.083333333333334
A,gavroche-v13-tail-paced-rescue,311,64,221,14,1079,330,269,48,49,92,35,93,0,0,0,0,,,
A,gavroche-v13-tail-paced-rescue,312,64,219,14,1083,331,270,48,49,92,35,94,0,0,0,0,,,
A,gavroche-v13-tail-paced-rescue,313,63,211,14,1088,333,273,49,50,92,36,95,0,0,0,0,,,
A,gavroche-v13-tail-paced-rescue,314,64,211,14,1091,335,274,49,50,93,36,95,0,0,0,0,,,
A,gavroche-v13-tail-paced-rescue,315,64,211,14,1093,336,275,49,50,94,36,95,0,0,0,0,,,
A,gavroche-v13-tail-paced-rescue,316,63,210,15,1095,336,276,49,50,95,36,95,0,0,0,0,,,
A,gavroche-v13-tail-paced-rescue,317,64,212,15,1097,337,276,49,50,95,36,95,0,0,0,0,,,
A,gavroche-v13-tail-paced-rescue,318,62,215,16,1105,337,278,49,50,97,36,95,0,0,0,0,,,
A,gavroche-v13-tail-paced-rescue,319,63,212,16,1106,340,280,50,51,98,36,95,0,0,0,0,,,
A,gavroche-v13-tail-paced-rescue,320,64,212,16,1111,342,281,50,51,98,37,95,0,0,0,0,57.25,2.875,14.083333333333334
A,gavroche-v13-tail-paced-rescue,321,62,208,16,1114,343,284,50,51,99,38,96,0,0,0,0,,,
A,gavroche-v13-tail-paced-rescue,322,63,206,16,1118,347,287,50,51,101,39,96,0,0,0,0,,,
A,gavroche-v13-tail-paced-rescue,323,64,209,16,1121,348,287,50,51,101,39,96,0,0,0,0,,,
A,gavroche-v13-tail-paced-rescue,324,63,206,16,1126,349,289,50,51,102,40,96,0,0,0,0,,,
A,gavroche-v13-tail-paced-rescue,325,64,204,16,1132,352,291,50,51,102,40,98,0,0,0,0,,,
A,gavroche-v13-tail-paced-rescue,326,63,205,16,1137,353,293,50,51,103,40,99,0,0,0,0,,,
A,gavroche-v13-tail-paced-rescue,327,58,190,16,1141,354,299,50,51,108,40,100,0,0,0,0,,,
A,gavroche-v13-tail-paced-rescue,328,61,180,16,1142,362,304,51,52,111,41,100,0,0,0,0,,,
A,gavroche-v13-tail-paced-rescue,329,64,183,16,1147,366,305,51,52,112,41,100,0,0,0,0,,,
A,gavroche-v13-tail-paced-rescue,330,63,188,16,1154,366,306,51,52,112,41,101,0,0,0,0,54.75,1.9166666666666667,14.083333333333334
A,gavroche-v13-tail-paced-rescue,331,63,194,16,1164,367,307,51,52,112,42,101,0,0,0,0,,,
A,gavroche-v13-tail-paced-rescue,332,63,198,16,1170,368,308,51,52,112,42,102,0,0,0,0,,,
A,gavroche-v13-tail-paced-rescue,333,63,200,16,1182,370,310,52,53,112,43,102,0,0,0,0,,,
A,gavroche-v13-tail-paced-rescue,334,62,195,16,1187,373,314,52,53,112,44,105,0,0,0,0,,,
A,gavroche-v13-tail-paced-rescue,335,64,196,16,1191,376,315,52,53,112,45,105,0,0,0,0,,,
A,gavroche-v13-tail-paced-rescue,336,63,197,16,1196,377,317,52,53,112,46,106,0,0,0,0,,,
A,gavroche-v13-tail-paced-rescue,337,63,202,16,1203,378,318,52,53,112,46,107,0,0,0,0,,,
A,gavroche-v13-tail-paced-rescue,338,64,205,16,1206,379,318,52,53,112,46,107,0,0,0,0,,,
A,gavroche-v13-tail-paced-rescue,339,64,204,17,1210,380,319,52,53,113,46,107,0,0,0,0,,,
A,gavroche-v13-tail-paced-rescue,340,62,195,17,1216,382,323,52,53,116,46,108,0,0,0,0,55.583333333333336,1.2916666666666667,14.083333333333334
A,gavroche-v13-tail-paced-rescue,341,64,199,17,1222,385,324,52,53,116,46,109,0,0,0,0,,,
A,gavroche-v13-tail-paced-rescue,342,63,201,17,1228,385,325,52,53,116,46,110,0,0,0,0,,,
A,gavroche-v13-tail-paced-rescue,343,62,200,17,1233,386,327,52,53,117,46,111,0,0,0,0,,,
A,gavroche-v13-tail-paced-rescue,344,64,199,17,1235,389,328,52,53,118,46,111,0,0,0,0,,,
A,gavroche-v13-tail-paced-rescue,345,63,197,17,1239,390,330,52,53,118,47,112,0,0,0,0,,,
A,gavroche-v13-tail-paced-rescue,346,64,200,17,1242,391,330,52,53,118,47,112,0,0,0,0,,,
A,gavroche-v13-tail-paced-rescue,347,63,186,10,1248,392,332,52,53,118,48,113,0,0,0,0,,,
A,gavroche-v13-tail-paced-rescue,348,64,188,10,1250,393,332,52,53,118,48,113,0,0,0,0,,,
A,gavroche-v13-tail-paced-rescue,349,64,190,10,1256,394,333,52,53,119,48,113,0,0,0,0,,,
A,gavroche-v13-tail-paced-rescue,350,64,194,10,1260,394,333,52,53,119,48,113,0,0,0,0,53.125,3.0833333333333335,14.083333333333334
A,gavroche-v13-tail-paced-rescue,351,64,185,10,1264,396,335,52,53,119,48,115,0,0,0,0,,,
A,gavroche-v13-tail-paced-rescue,352,64,179,8,1270,398,337,53,54,119,49,115,0,0,0,0,,,
A,gavroche-v13-tail-paced-rescue,353,64,185,8,1276,398,337,53,54,119,49,115,0,0,0,0,,,
A,gavroche-v13-tail-paced-rescue,354,63,177,8,1282,400,340,53,54,121,49,116,0,0,0,0,,,
A,gavroche-v13-tail-paced-rescue,355,63,177,9,1287,401,341,53,54,121,50,116,0,0,0,0,,,
A,gavroche-v13-tail-paced-rescue,356,64,182,9,1292,402,341,53,54,121,50,116,0,0,0,0,,,
A,gavroche-v13-tail-paced-rescue,357,64,186,9,1296,402,341,53,54,121,50,116,0,0,0,0,,,
A,gavroche-v13-tail-paced-rescue,358,64,192,9,1302,402,341,53,54,121,50,116,0,0,0,0,,,
A,gavroche-v13-tail-paced-rescue,359,64,197,9,1307,402,341,53,54,121,50,116,0,0,0,0,,,
A,gavroche-v13-tail-paced-rescue,360,64,199,10,1313,404,343,53,54,122,50,117,0,0,0,0,50.166666666666664,5.375,14.083333333333334
A,gavroche-v13-tail-paced-rescue,361,64,191,10,1316,406,345,53,54,124,50,117,0,0,0,0,,,
A,gavroche-v13-tail-paced-rescue,362,64,196,11,1322,406,345,53,54,124,50,117,0,0,0,0,,,
A,gavroche-v13-tail-paced-rescue,363,64,192,11,1323,407,346,53,54,124,50,118,0,0,0,0,,,
A,gavroche-v13-tail-paced-rescue,364,64,194,12,1328,408,347,54,55,124,50,118,0,0,0,0,,,
A,gavroche-v13-tail-paced-rescue,365,64,190,12,1329,409,348,55,55,124,50,119,0,0,0,0,,,
A,gavroche-v13-tail-paced-rescue,366,64,190,13,1334,411,350,55,55,126,50,119,0,0,0,0,,,
A,gavroche-v13-tail-paced-rescue,367,64,187,13,1337,412,351,55,55,126,51,119,0,0,0,0,,,
A,gavroche-v13-tail-paced-rescue,368,64,188,13,1343,414,353,55,55,126,51,121,0,0,0,0,,,
A,gavroche-v13-tail-paced-rescue,369,64,189,14,1347,415,354,55,55,126,52,121,0,0,0,0,,,
A,gavroche-v13-tail-paced-rescue,370,63,185,12,1354,417,357,56,56,126,53,122,0,0,0,0,51.458333333333336,2.7916666666666665,14.083333333333334
A,gavroche-v13-tail-paced-rescue,371,63,183,10,1356,418,358,56,56,126,53,123,0,0,0,0,,,
A,gavroche-v13-tail-paced-rescue,372,64,182,8,1361,420,359,56,56,126,54,123,0,0,0,0,,,
A,gavroche-v13-tail-paced-rescue,373,63,185,9,1367,420,360,57,57,126,54,123,0,0,0,0,,,
A,gavroche-v13-tail-paced-rescue,374,64,190,8,1372,421,360,57,57,126,54,123,0,0,0,0,,,
A,gavroche-v13-tail-paced-rescue,375,64,195,8,1377,421,360,57,57,126,54,123,0,0,0,0,,,
A,gavroche-v13-tail-paced-rescue,376,64,201,9,1383,421,360,58,57,126,54,123,0,0,0,0,,,
A,gavroche-v13-tail-paced-rescue,377,63,203,10,1389,422,362,58,57,126,55,124,0,0,0,0,,,
A,gavroche-v13-tail-paced-rescue,378,64,195,10,1391,425,364,58,57,127,55,125,0,0,0,0,,,
A,gavroche-v13-tail-paced-rescue,379,64,184,10,1397,427,366,58,57,127,57,125,0,0,0,0,,,
A,gavroche-v13-tail-paced-rescue,380,64,185,10,1402,429,368,58,57,129,57,125,0,0,0,0,54.458333333333336,1.7916666666666667,14.083333333333334
A,gavroche-v13-tail-paced-rescue,381,64,189,10,1406,429,368,58,57,129,57,125,0,0,0,0,,,
A,gavroche-v13-tail-paced-rescue,382,62,189,10,1410,429,370,58,57,131,57,125,0,0,0,0,,,
A,gavroche-v13-tail-paced-rescue,383,60,188,10,1415,430,373,59,58,133,57,125,0,0,0,0,,,
A,gavroche-v13-tail-paced-rescue,384,57,185,10,1418,430,376,59,58,134,57,127,0,0,0,0,,,
A,gavroche-v13-tail-paced-rescue,385,57,193,10,1426,430,376,59,58,134,57,127,0,0,0,0,,,
A,gavroche-v13-tail-paced-rescue,386,57,195,10,1431,431,377,60,59,134,57,127,0,0,0,0,,,
A,gavroche-v13-tail-paced-rescue,387,57,196,10,1434,432,378,60,59,134,58,127,0,0,0,0,,,
A,gavroche-v13-tail-paced-rescue,388,55,195,11,1438,432,380,60,59,134,59,128,0,0,0,0,,,
A,gavroche-v13-tail-paced-rescue,389,53,194,11,1441,432,382,60,59,136,59,128,0,0,0,0,,,
A,gavroche-v13-tail-paced-rescue,390,54,197,11,1444,433,382,60,59,136,59,128,0,0,0,0,54.291666666666664,1.6666666666666667,14.083333333333334
A,gavroche-v13-tail-paced-rescue,391,52,194,11,1447,433,384,61,60,136,60,128,0,0,0,0,,,
A,gavroche-v13-tail-paced-rescue,392,51,194,11,1449,433,385,61,60,136,60,129,0,0,0,0,,,
A,gavroche-v13-tail-paced-rescue,393,50,193,11,1450,433,386,62,61,136,60,129,0,0,0,0,,,
A,gavroche-v13-tail-paced-rescue,394,50,198,11,1455,433,386,62,61,136,60,129,0,0,0,0,,,
A,gavroche-v13-tail-paced-rescue,395,49,194,11,1457,434,388,62,61,138,60,129,0,0,0,0,,,
A,gavroche-v13-tail-paced-rescue,396,47,191,11,1460,434,390,62,61,139,61,129,0,0,0,0,,,
A,gavroche-v13-tail-paced-rescue,397,47,192,11,1461,434,390,62,61,139,61,129,0,0,0,0,,,
A,gavroche-v13-tail-paced-rescue,398,46,193,11,1464,434,391,63,62,139,61,129,0,0,0,0,,,
A,gavroche-v13-tail-paced-rescue,399,46,193,11,1466,434,391,63,62,139,61,129,0,0,0,0,,,
A,gavroche-v13-tail-paced-rescue,400,46,195,11,1468,434,391,63,62,139,61,129,0,0,0,0,50.583333333333336,2.6666666666666665,14.083333333333334
A,gavroche-v13-tail-paced-rescue,401,43,179,11,1468,434,394,63,62,139,64,129,0,0,0,0,,,
A,gavroche-v13-tail-paced-rescue,402,42,179,11,1470,434,395,63,62,139,65,129,0,0,0,0,,,
A,gavroche-v13-tail-paced-rescue,403,41,176,12,1471,434,396,64,62,139,66,129,0,0,0,0,,,
A,gavroche-v13-tail-paced-rescue,404,40,172,12,1474,434,397,64,62,139,67,129,0,0,0,0,,,
A,gavroche-v13-tail-paced-rescue,405,38,166,13,1476,434,399,64,62,139,69,129,0,0,0,0,,,
A,gavroche-v13-tail-paced-rescue,406,38,169,14,1479,434,399,64,62,139,69,129,0,0,0,0,,,
A,gavroche-v13-tail-paced-rescue,407,38,171,15,1481,434,399,64,62,139,69,129,0,0,0,0,,,
A,gavroche-v13-tail-paced-rescue,408,38,171,15,1483,434,399,64,62,139,69,129,0,0,0,0,,,
A,gavroche-v13-tail-paced-rescue,409,37,169,15,1484,434,400,64,62,139,70,129,0,0,0,0,,,
A,gavroche-v13-tail-paced-rescue,410,36,161,15,1487,435,402,65,63,139,71,129,0,0,0,0,45.75,2.8333333333333335,14.083333333333334
A,gavroche-v13-tail-paced-rescue,411,35,161,16,1491,435,403,66,63,139,72,129,0,0,0,0,,,
A,gavroche-v13-tail-paced-rescue,412,33,153,16,1492,435,405,67,64,140,72,129,0,0,0,0,,,
A,gavroche-v13-tail-paced-rescue,413,33,156,17,1495,435,405,67,64,140,72,129,0,0,0,0,,,
A,gavroche-v13-tail-paced-rescue,414,32,154,17,1498,435,406,68,65,140,72,129,0,0,0,0,,,
A,gavroche-v13-tail-paced-rescue,415,32,159,18,1503,435,406,68,65,140,72,129,0,0,0,0,,,
A,gavroche-v13-tail-paced-rescue,416,31,159,18,1506,435,407,68,66,140,72,129,0,0,0,0,,,
A,gavroche-v13-tail-paced-rescue,417,31,161,19,1508,435,407,68,66,140,72,129,0,0,0,0,,,
A,gavroche-v13-tail-paced-rescue,418,31,163,19,1511,435,407,68,66,140,72,129,0,0,0,0,,,
A,gavroche-v13-tail-paced-rescue,419,31,164,19,1512,435,407,68,66,140,72,129,0,0,0,0,,,
A,gavroche-v13-tail-paced-rescue,420,31,164,19,1514,435,407,68,66,140,72,129,0,0,0,0,47.5,1.9583333333333333,14.083333333333334
A,gavroche-v13-tail-paced-rescue,421,31,163,19,1515,435,407,68,66,140,72,129,0,0,0,0,,,
A,gavroche-v13-tail-paced-rescue,422,31,168,20,1520,435,407,69,66,140,72,129,0,0,0,0,,,
A,gavroche-v13-tail-paced-rescue,423,29,145,18,1522,435,409,70,67,140,73,129,0,0,0,0,,,
A,gavroche-v13-tail-paced-rescue,424,29,149,19,1526,435,409,70,67,140,73,129,0,0,0,0,,,
A,gavroche-v13-tail-paced-rescue,425,29,154,20,1531,435,409,70,67,140,73,129,0,0,0,0,,,
A,gavroche-v13-tail-paced-rescue,426,27,147,21,1534,435,411,71,68,140,74,129,0,0,0,0,,,
A,gavroche-v13-tail-paced-rescue,427,27,150,21,1537,435,411,71,68,140,74,129,0,0,0,0,,,
A,gavroche-v13-tail-paced-rescue,428,27,153,22,1540,435,411,71,68,140,74,129,0,0,0,0,,,
A,gavroche-v13-tail-paced-rescue,429,27,156,23,1543,435,411,71,68,140,74,129,0,0,0,0,,,
A,gavroche-v13-tail-paced-rescue,430,27,160,24,1547,435,411,71,68,140,74,129,0,0,0,0,49.0,2.375,14.083333333333334
A,gavroche-v13-tail-paced-rescue,431,28,162,22,1549,436,411,71,68,140,74,129,0,0,0,0,,,
A,gavroche-v13-tail-paced-rescue,432,27,161,22,1550,436,412,71,68,141,74,129,0,0,0,0,,,
A,gavroche-v13-tail-paced-rescue,433,26,156,22,1552,436,413,71,68,141,75,129,0,0,0,0,,,
A,gavroche-v13-tail-paced-rescue,434,26,158,23,1554,436,413,71,68,141,75,129,0,0,0,0,,,
A,gavroche-v13-tail-paced-rescue,435,26,160,23,1556,436,413,71,68,141,75,129,0,0,0,0,,,
A,gavroche-v13-tail-paced-rescue,436,26,163,23,1559,436,413,71,68,141,75,129,0,0,0,0,,,
A,gavroche-v13-tail-paced-rescue,437,26,165,23,1561,436,413,71,68,141,75,129,0,0,0,0,,,
A,gavroche-v13-tail-paced-rescue,438,26,170,24,1566,436,413,71,68,141,75,129,0,0,0,0,,,
A,gavroche-v13-tail-paced-rescue,439,26,172,24,1568,436,413,71,68,141,75,129,0,0,0,0,,,
A,gavroche-v13-tail-paced-rescue,440,26,173,24,1569,436,413,71,68,141,75,129,0,0,0,0,47.291666666666664,2.25,14.083333333333334
A,gavroche-v13-tail-paced-rescue,441,26,178,24,1574,436,413,71,68,141,75,129,0,0,0,0,,,
A,gavroche-v13-tail-paced-rescue,442,27,180,24,1576,437,413,71,68,141,75,129,0,0,0,0,,,
A,gavroche-v13-tail-paced-rescue,443,26,180,24,1578,437,414,71,68,141,75,130,0,0,0,0,,,
A,gavroche-v13-tail-paced-rescue,444,26,182,24,1580,437,414,71,68,141,75,130,0,0,0,0,,,
A,gavroche-v13-tail-paced-rescue,445,26,182,24,1581,437,414,71,68,141,75,130,0,0,0,0,,,
A,gavroche-v13-tail-paced-rescue,446,26,183,24,1582,437,414,71,68,141,75,130,0,0,0,0,,,
A,gavroche-v13-tail-paced-rescue,447,26,185,25,1584,437,414,71,68,141,75,130,0,0,0,0,,,
A,gavroche-v13-tail-paced-rescue,448,26,186,25,1585,437,414,71,68,141,75,130,0,0,0,0,,,
A,gavroche-v13-tail-paced-rescue,449,25,187,26,1589,437,415,71,68,141,76,130,0,0,0,0,,,
A,gavroche-v13-tail-paced-rescue,450,25,190,26,1592,437,415,71,68,141,76,130,0,0,0,0,44.958333333333336,2.9583333333333335,14.083333333333334
A,gavroche-v13-tail-paced-rescue,451,24,186,27,1595,437,416,71,68,141,77,130,0,0,0,0,,,
A,gavroche-v13-tail-paced-rescue,452,24,188,28,1597,437,416,71,68,141,77,130,0,0,0,0,,,
A,gavroche-v13-tail-paced-rescue,453,26,189,29,1598,439,416,71,68,141,77,130,0,0,0,0,,,
A,gavroche-v13-tail-paced-rescue,454,24,185,29,1598,439,418,71,68,143,77,130,0,0,0,0,,,
A,gavroche-v13-tail-paced-rescue,455,23,179,29,1599,439,419,71,68,143,78,130,0,0,0,0,,,
A,gavroche-v13-tail-paced-rescue,456,23,181,30,1601,439,419,71,68,143,78,130,0,0,0,0,,,
A,gavroche-v13-tail-paced-rescue,457,23,182,30,1602,439,419,71,68,143,78,130,0,0,0,0,,,
A,gavroche-v13-tail-paced-rescue,458,23,183,31,1603,439,419,71,68,143,78,130,0,0,0,0,,,
A,gavroche-v13-tail-paced-rescue,459,23,185,31,1605,439,419,71,68,143,78,130,0,0,0,0,,,
A,gavroche-v13-tail-paced-rescue,460,23,185,31,1605,439,419,71,68,143,78,130,0,0,0,0,47.25,4.166666666666667,14.083333333333334
A,gavroche-v13-tail-paced-rescue,461,22,184,31,1607,439,420,71,68,143,79,130,0,0,0,0,,,
A,gavroche-v13-tail-paced-rescue,462,21,183,31,1608,439,421,72,68,143,80,130,0,0,0,0,,,
A,gavroche-v13-tail-paced-rescue,463,19,158,31,1609,439,423,72,68,143,82,130,0,0,0,0,,,
A,gavroche-v13-tail-paced-rescue,464,19,159,31,1610,439,423,72,68,143,82,130,0,0,0,0,,,
A,gavroche-v13-tail-paced-rescue,465,19,162,32,1613,439,423,72,68,143,82,130,0,0,0,0,,,
A,gavroche-v13-tail-paced-rescue,466,19,162,32,1613,439,423,72,68,143,82,130,0,0,0,0,,,
A,gavroche-v13-tail-paced-rescue,467,18,161,33,1615,439,424,72,68,143,83,130,0,0,0,0,,,
A,gavroche-v13-tail-paced-rescue,468,18,163,33,1617,439,424,72,68,143,83,130,0,0,0,0,,,
A,gavroche-v13-tail-paced-rescue,469,18,165,34,1619,439,424,72,68,143,83,130,0,0,0,0,,,
A,gavroche-v13-tail-paced-rescue,470,18,166,34,1620,439,424,72,68,143,83,130,0,0,0,0,43.291666666666664,6.541666666666667,14.083333333333334
A,gavroche-v13-tail-paced-rescue,471,18,167,34,1621,439,424,72,68,143,83,130,0,0,0,0,,,
A,gavroche-v13-tail-paced-rescue,472,18,168,34,1622,439,424,72,68,143,83,130,0,0,0,0,,,
A,gavroche-v13-tail-paced-rescue,473,18,169,35,1623,439,424,72,68,143,83,130,0,0,0,0,,,
A,gavroche-v13-tail-paced-rescue,474,18,171,35,1625,439,424,72,68,143,83,130,0,0,0,0,,,
A,gavroche-v13-tail-paced-rescue,475,18,173,36,1627,439,424,72,68,143,83,130,0,0,0,0,,,
A,gavroche-v13-tail-paced-rescue,476,18,175,36,1629,439,424,72,68,143,83,130,0,0,0,0,,,
A,gavroche-v13-tail-paced-rescue,477,18,177,37,1631,439,424,72,68,143,83,130,0,0,0,0,,,
A,gavroche-v13-tail-paced-rescue,478,18,179,37,1633,439,424,72,68,143,83,130,0,0,0,0,,,
A,gavroche-v13-tail-paced-rescue,479,18,179,37,1633,439,424,72,68,143,83,130,0,0,0,0,,,
A,gavroche-v13-tail-paced-rescue,480,17,175,37,1633,439,425,73,69,143,83,130,0,0,0,0,45.666666666666664,3.25,14.083333333333334
A,gavroche-v13-tail-paced-rescue,481,17,175,37,1633,439,425,73,69,143,83,130,0,0,0,0,,,
A,gavroche-v13-tail-paced-rescue,482,17,176,37,1634,439,425,73,69,143,83,130,0,0,0,0,,,
A,gavroche-v13-tail-paced-rescue,483,16,140,16,1635,439,426,73,69,143,84,130,0,0,0,0,,,
A,gavroche-v13-tail-paced-rescue,484,17,141,16,1636,440,426,73,69,143,84,130,0,0,0,0,,,
A,gavroche-v13-tail-paced-rescue,485,17,141,16,1638,441,427,73,69,144,84,130,0,0,0,0,,,
A,gavroche-v13-tail-paced-rescue,486,16,140,16,1639,441,428,73,69,144,84,131,0,0,0,0,,,
A,gavroche-v13-tail-paced-rescue,487,16,143,16,1642,441,428,73,69,144,84,131,0,0,0,0,,,
A,gavroche-v13-tail-paced-rescue,488,16,144,16,1643,441,428,73,69,144,84,131,0,0,0,0,,,
A,gavroche-v13-tail-paced-rescue,489,16,147,16,1646,441,428,73,69,144,84,131,0,0,0,0,,,
A,gavroche-v13-tail-paced-rescue,490,15,131,15,1646,441,429,73,69,144,85,131,0,0,0,0,49.416666666666664,1.25,14.083333333333334
A,gavroche-v13-tail-paced-rescue,491,15,134,15,1649,441,429,73,69,144,85,131,0,0,0,0,,,
A,gavroche-v13-tail-paced-rescue,492,15,134,15,1649,441,429,73,69,144,85,131,0,0,0,0,,,
A,gavroche-v13-tail-paced-rescue,493,15,135,16,1650,441,429,73,69,144,85,131,0,0,0,0,,,
A,gavroche-v13-tail-paced-rescue,494,15,135,16,1650,441,429,73,69,144,85,131,0,0,0,0,,,
A,gavroche-v13-tail-paced-rescue,495,16,139,17,1654,442,429,73,69,144,85,131,0,0,0,0,,,
A,gavroche-v13-tail-paced-rescue,496,15,138,17,1655,442,430,73,69,145,85,131,0,0,0,0,,,
A,gavroche-v13-tail-paced-rescue,497,15,143,18,1660,442,430,73,69,145,85,131,0,0,0,0,,,
A,gavroche-v13-tail-paced-rescue,498,14,131,18,1660,442,431,73,69,145,86,131,0,0,0,0,,,
A,gavroche-v13-tail-paced-rescue,499,14,132,18,1661,442,431,73,69,145,86,131,0,0,0,0,,,
A,gavroche-v13-tail-paced-rescue,500,14,132,18,1661,442,431,73,69,145,86,131,0,0,0,0,52.375,1.375,14.083333333333334
B,ouroboros-v13-ladder,0,3,12,4,0,0,0,0,0,0,0,0,0,0,0,0,41.791666666666664,2.3333333333333335,14.083333333333334
B,ouroboros-v13-ladder,1,6,12,2,0,3,0,0,0,0,0,0,0,0,0,0,,,
B,ouroboros-v13-ladder,2,6,12,2,0,3,0,0,0,0,0,0,0,0,0,0,,,
B,ouroboros-v13-ladder,3,6,12,2,0,3,0,0,0,0,0,0,0,0,0,0,,,
B,ouroboros-v13-ladder,4,6,12,2,0,3,0,0,0,0,0,0,0,0,0,0,,,
B,ouroboros-v13-ladder,5,6,12,2,0,3,0,0,0,0,0,0,0,0,0,0,,,
B,ouroboros-v13-ladder,6,6,12,2,0,3,0,0,0,0,0,0,0,0,0,0,,,
B,ouroboros-v13-ladder,7,6,12,2,0,3,0,0,0,0,0,0,0,0,0,0,,,
B,ouroboros-v13-ladder,8,6,12,2,0,3,0,0,0,0,0,0,0,0,0,0,,,
B,ouroboros-v13-ladder,9,6,12,2,0,3,0,0,0,0,0,0,0,0,0,0,,,
B,ouroboros-v13-ladder,10,6,12,2,0,3,0,0,0,0,0,0,0,0,0,0,27.416666666666668,0.7083333333333334,14.083333333333334
B,ouroboros-v13-ladder,11,6,12,2,0,3,0,0,0,0,0,0,0,0,0,0,,,
B,ouroboros-v13-ladder,12,6,12,2,0,3,0,0,0,0,0,0,0,0,0,0,,,
B,ouroboros-v13-ladder,13,6,12,2,0,3,0,0,0,0,0,0,0,0,0,0,,,
B,ouroboros-v13-ladder,14,6,12,2,0,3,0,0,0,0,0,0,0,0,0,0,,,
B,ouroboros-v13-ladder,15,6,12,2,0,3,0,0,0,0,0,0,0,0,0,0,,,
B,ouroboros-v13-ladder,16,6,12,2,0,3,0,0,0,0,0,0,0,0,0,0,,,
B,ouroboros-v13-ladder,17,6,12,2,0,3,0,0,0,0,0,0,0,0,0,0,,,
B,ouroboros-v13-ladder,18,6,12,2,0,3,0,0,0,0,0,0,0,0,0,0,,,
B,ouroboros-v13-ladder,19,6,12,2,0,3,0,0,0,0,0,0,0,0,0,0,,,
B,ouroboros-v13-ladder,20,6,12,2,0,3,0,0,0,0,0,0,0,0,0,0,32.0,0.7916666666666666,14.083333333333334
B,ouroboros-v13-ladder,21,6,12,2,0,3,0,0,0,0,0,0,0,0,0,0,,,
B,ouroboros-v13-ladder,22,6,12,2,0,3,0,0,0,0,0,0,0,0,0,0,,,
B,ouroboros-v13-ladder,23,6,12,2,0,3,0,0,0,0,0,0,0,0,0,0,,,
B,ouroboros-v13-ladder,24,6,12,2,0,3,0,0,0,0,0,0,0,0,0,0,,,
B,ouroboros-v13-ladder,25,6,12,2,0,3,0,0,0,0,0,0,0,0,0,0,,,
B,ouroboros-v13-ladder,26,6,13,3,1,3,0,0,0,0,0,0,0,0,0,0,,,
B,ouroboros-v13-ladder,27,6,13,3,1,3,0,0,0,0,0,0,0,0,0,0,,,
B,ouroboros-v13-ladder,28,6,13,3,1,3,0,0,0,0,0,0,0,0,0,0,,,
B,ouroboros-v13-ladder,29,6,13,3,1,3,0,0,0,0,0,0,0,0,0,0,,,
B,ouroboros-v13-ladder,30,6,13,3,1,3,0,0,0,0,0,0,0,0,0,0,38.291666666666664,3.8333333333333335,14.083333333333334
B,ouroboros-v13-ladder,31,6,13,3,1,3,0,0,0,0,0,0,0,0,0,0,,,
B,ouroboros-v13-ladder,32,6,13,3,1,3,0,0,0,0,0,0,0,0,0,0,,,
B,ouroboros-v13-ladder,33,6,13,3,1,3,0,0,0,0,0,0,0,0,0,0,,,
B,ouroboros-v13-ladder,34,6,13,3,1,3,0,0,0,0,0,0,0,0,0,0,,,
B,ouroboros-v13-ladder,35,6,13,3,1,3,0,0,0,0,0,0,0,0,0,0,,,
B,ouroboros-v13-ladder,36,6,13,3,1,3,0,0,0,0,0,0,0,0,0,0,,,
B,ouroboros-v13-ladder,37,6,13,3,1,3,0,0,0,0,0,0,0,0,0,0,,,
B,ouroboros-v13-ladder,38,6,13,3,1,3,0,0,0,0,0,0,0,0,0,0,,,
B,ouroboros-v13-ladder,39,6,13,3,1,3,0,0,0,0,0,0,0,0,0,0,,,
B,ouroboros-v13-ladder,40,6,13,3,1,3,0,0,0,0,0,0,0,0,0,0,14.541666666666666,1.9583333333333333,14.083333333333334
B,ouroboros-v13-ladder,41,6,13,3,1,3,0,0,0,0,0,0,0,0,0,0,,,
B,ouroboros-v13-ladder,42,6,13,3,1,3,0,0,0,0,0,0,0,0,0,0,,,
B,ouroboros-v13-ladder,43,6,13,3,1,3,0,0,0,0,0,0,0,0,0,0,,,
B,ouroboros-v13-ladder,44,6,13,3,1,3,0,0,0,0,0,0,0,0,0,0,,,
B,ouroboros-v13-ladder,45,6,14,4,2,3,0,0,0,0,0,0,0,0,0,0,,,
B,ouroboros-v13-ladder,46,7,15,3,3,4,0,0,0,0,0,0,0,0,0,0,,,
B,ouroboros-v13-ladder,47,7,15,3,3,4,0,0,0,0,0,0,0,0,0,0,,,
B,ouroboros-v13-ladder,48,7,15,3,3,4,0,0,0,0,0,0,0,0,0,0,,,
B,ouroboros-v13-ladder,49,7,15,3,3,4,0,0,0,0,0,0,0,0,0,0,,,
B,ouroboros-v13-ladder,50,7,15,3,3,4,0,0,0,0,0,0,0,0,0,0,29.416666666666668,0.9166666666666666,14.083333333333334
B,ouroboros-v13-ladder,51,7,15,3,3,4,0,0,0,0,0,0,0,0,0,0,,,
B,ouroboros-v13-ladder,52,7,16,3,4,4,0,0,0,0,0,0,0,0,0,0,,,
B,ouroboros-v13-ladder,53,7,16,3,4,4,0,0,0,0,0,0,0,0,0,0,,,
B,ouroboros-v13-ladder,54,7,16,3,4,4,0,0,0,0,0,0,0,0,0,0,,,
B,ouroboros-v13-ladder,55,7,16,3,4,4,0,0,0,0,0,0,0,0,0,0,,,
B,ouroboros-v13-ladder,56,7,16,3,4,4,0,0,0,0,0,0,0,0,0,0,,,
B,ouroboros-v13-ladder,57,7,16,3,4,4,0,0,0,0,0,0,0,0,0,0,,,
B,ouroboros-v13-ladder,58,7,17,4,5,4,0,0,0,0,0,0,0,0,0,0,,,
B,ouroboros-v13-ladder,59,8,18,4,6,5,0,0,0,0,0,0,0,0,0,0,,,
B,ouroboros-v13-ladder,60,9,18,2,6,6,0,0,0,0,0,0,0,0,0,0,31.333333333333332,7.125,14.083333333333334
B,ouroboros-v13-ladder,61,9,19,3,7,6,0,0,0,0,0,0,0,0,0,0,,,
B,ouroboros-v13-ladder,62,9,19,3,8,6,0,0,0,0,0,0,0,0,0,0,,,
B,ouroboros-v13-ladder,63,9,21,3,10,6,0,0,0,0,0,0,0,0,0,0,,,
B,ouroboros-v13-ladder,64,9,21,3,10,6,0,0,0,0,0,0,0,0,0,0,,,
B,ouroboros-v13-ladder,65,9,21,3,10,6,0,0,0,0,0,0,0,0,0,0,,,
B,ouroboros-v13-ladder,66,9,21,3,10,6,0,0,0,0,0,0,0,0,0,0,,,
B,ouroboros-v13-ladder,67,9,23,3,12,6,0,0,0,0,0,0,0,0,0,0,,,
B,ouroboros-v13-ladder,68,9,23,3,12,6,0,0,0,0,0,0,0,0,0,0,,,
B,ouroboros-v13-ladder,69,9,23,3,12,6,0,0,0,0,0,0,0,0,0,0,,,
B,ouroboros-v13-ladder,70,9,23,3,12,6,0,0,0,0,0,0,0,0,0,0,26.375,3.7916666666666665,14.083333333333334
B,ouroboros-v13-ladder,71,8,22,4,14,6,1,1,1,0,0,0,0,0,0,0,,,
B,ouroboros-v13-ladder,72,10,24,4,16,8,1,1,1,0,0,0,0,0,0,0,,,
B,ouroboros-v13-ladder,73,12,24,2,16,10,1,1,1,0,0,0,0,0,0,0,,,
B,ouroboros-v13-ladder,74,12,24,2,16,10,1,1,1,0,0,0,0,0,0,0,,,
B,ouroboros-v13-ladder,75,12,25,3,17,10,1,1,1,0,0,0,0,0,0,0,,,
B,ouroboros-v13-ladder,76,12,26,4,18,10,1,1,1,0,0,0,0,0,0,0,,,
B,ouroboros-v13-ladder,77,13,26,2,18,11,1,1,1,0,0,0,0,0,0,0,,,
B,ouroboros-v13-ladder,78,13,28,3,20,11,1,1,1,0,0,0,0,0,0,0,,,
B,ouroboros-v13-ladder,79,13,29,4,21,11,1,1,1,0,0,0,0,0,0,0,,,
B,ouroboros-v13-ladder,80,13,27,3,21,12,2,1,1,0,0,1,0,0,0,0,19.0,1.5833333333333333,14.083333333333334
B,ouroboros-v13-ladder,81,13,27,3,21,12,2,1,1,0,0,1,0,0,0,0,,,
B,ouroboros-v13-ladder,82,13,27,3,21,12,2,1,1,0,0,1,0,0,0,0,,,
B,ouroboros-v13-ladder,83,13,27,3,21,12,2,1,1,0,0,1,0,0,0,0,,,
B,ouroboros-v13-ladder,84,12,25,3,21,12,3,1,1,0,1,1,0,0,0,0,,,
B,ouroboros-v13-ladder,85,12,25,3,21,12,3,1,1,0,1,1,0,0,0,0,,,
B,ouroboros-v13-ladder,86,12,26,3,22,12,3,1,1,0,1,1,0,0,0,0,,,
B,ouroboros-v13-ladder,87,12,26,3,22,12,3,1,1,0,1,1,0,0,0,0,,,
B,ouroboros-v13-ladder,88,12,26,3,22,12,3,1,1,0,1,1,0,0,0,0,,,
B,ouroboros-v13-ladder,89,12,26,3,22,12,3,1,1,0,1,1,0,0,0,0,,,
B,ouroboros-v13-ladder,90,11,24,3,22,12,4,2,2,0,1,1,0,0,0,0,8.291666666666666,3.375,14.083333333333334
B,ouroboros-v13-ladder,91,11,25,4,23,12,4,2,2,0,1,1,0,0,0,0,,,
B,ouroboros-v13-ladder,92,11,24,3,24,13,5,3,3,0,1,1,0,0,0,0,,,
B,ouroboros-v13-ladder,93,11,25,4,25,13,5,3,3,0,1,1,0,0,0,0,,,
B,ouroboros-v13-ladder,94,12,25,3,25,14,5,3,3,0,1,1,0,0,0,0,,,
B,ouroboros-v13-ladder,95,11,23,3,25,14,6,3,4,0,1,1,0,0,0,0,,,
B,ouroboros-v13-ladder,96,11,23,3,25,14,6,3,4,0,1,1,0,0,0,0,,,
B,ouroboros-v13-ladder,97,11,23,3,25,14,6,3,4,0,1,1,0,0,0,0,,,
B,ouroboros-v13-ladder,98,11,24,3,26,14,6,3,4,0,1,1,0,0,0,0,,,
B,ouroboros-v13-ladder,99,11,24,3,26,14,6,3,4,0,1,1,0,0,0,0,,,
B,ouroboros-v13-ladder,100,11,24,3,26,14,6,3,4,0,1,1,0,0,0,0,10.291666666666666,9.791666666666666,14.083333333333334
B,ouroboros-v13-ladder,101,11,24,3,26,14,6,3,4,0,1,1,0,0,0,0,,,
B,ouroboros-v13-ladder,102,10,23,3,27,14,7,4,5,0,1,1,0,0,0,0,,,
B,ouroboros-v13-ladder,103,10,24,3,28,14,7,4,5,0,1,1,0,0,0,0,,,
B,ouroboros-v13-ladder,104,10,24,3,28,14,7,4,5,0,1,1,0,0,0,0,,,
B,ouroboros-v13-ladder,105,10,24,3,28,14,7,4,5,0,1,1,0,0,0,0,,,
B,ouroboros-v13-ladder,106,8,20,3,29,14,9,6,7,0,1,1,0,0,0,0,,,
B,ouroboros-v13-ladder,107,8,20,3,29,14,9,6,7,0,1,1,0,0,0,0,,,
B,ouroboros-v13-ladder,108,8,21,4,30,14,9,6,7,0,1,1,0,0,0,0,,,
B,ouroboros-v13-ladder,109,8,20,4,32,15,10,7,8,0,1,1,0,0,0,0,,,
B,ouroboros-v13-ladder,110,9,20,3,32,16,10,7,8,0,1,1,0,0,0,0,24.875,5.416666666666667,14.083333333333334
B,ouroboros-v13-ladder,111,9,20,3,32,16,10,7,8,0,1,1,0,0,0,0,,,
B,ouroboros-v13-ladder,112,8,18,3,32,16,11,8,9,0,1,1,0,0,0,0,,,
B,ouroboros-v13-ladder,113,7,16,3,32,16,12,9,10,0,1,1,0,0,0,0,,,
B,ouroboros-v13-ladder,114,7,16,3,32,16,12,9,10,0,1,1,0,0,0,0,,,
B,ouroboros-v13-ladder,115,5,12,3,32,16,14,11,12,0,1,1,0,0,0,0,,,
B,ouroboros-v13-ladder,116,5,12,3,32,16,14,11,12,0,1,1,0,0,0,0,,,
B,ouroboros-v13-ladder,117,5,12,3,32,16,14,11,12,0,1,1,0,0,0,0,,,
B,ouroboros-v13-ladder,118,5,12,3,32,16,14,11,12,0,1,1,0,0,0,0,,,
B,ouroboros-v13-ladder,119,5,12,3,32,16,14,11,12,0,1,1,0,0,0,0,,,
B,ouroboros-v13-ladder,120,5,12,3,32,16,14,11,12,0,1,1,0,0,0,0,16.625,6.375,14.083333333333334
B,ouroboros-v13-ladder,121,5,12,3,32,16,14,11,12,0,1,1,0,0,0,0,,,
B,ouroboros-v13-ladder,122,5,12,3,32,16,14,11,12,0,1,1,0,0,0,0,,,
B,ouroboros-v13-ladder,123,5,13,4,33,16,14,11,12,0,1,1,0,0,0,0,,,
B,ouroboros-v13-ladder,124,6,13,3,33,17,14,11,12,0,1,1,0,0,0,0,,,
B,ouroboros-v13-ladder,125,6,14,3,34,17,14,11,12,0,1,1,0,0,0,0,,,
B,ouroboros-v13-ladder,126,6,14,3,34,17,14,11,12,0,1,1,0,0,0,0,,,
B,ouroboros-v13-ladder,127,6,14,3,34,17,14,11,12,0,1,1,0,0,0,0,,,
B,ouroboros-v13-ladder,128,6,14,3,34,17,14,11,12,0,1,1,0,0,0,0,,,
B,ouroboros-v13-ladder,129,6,14,3,34,17,14,11,12,0,1,1,0,0,0,0,,,
B,ouroboros-v13-ladder,130,6,14,3,34,17,14,11,12,0,1,1,0,0,0,0,13.791666666666666,4.166666666666667,14.083333333333334
B,ouroboros-v13-ladder,131,6,14,3,34,17,14,11,12,0,1,1,0,0,0,0,,,
B,ouroboros-v13-ladder,132,6,14,3,34,17,14,11,12,0,1,1,0,0,0,0,,,
B,ouroboros-v13-ladder,133,6,14,3,34,17,14,11,12,0,1,1,0,0,0,0,,,
B,ouroboros-v13-ladder,134,6,15,3,35,17,14,11,12,0,1,1,0,0,0,0,,,
B,ouroboros-v13-ladder,135,6,16,4,36,17,14,11,12,0,1,1,0,0,0,0,,,
B,ouroboros-v13-ladder,136,7,16,3,36,18,14,11,12,0,1,1,0,0,0,0,,,
B,ouroboros-v13-ladder,137,7,17,3,37,18,14,11,12,0,1,1,0,0,0,0,,,
B,ouroboros-v13-ladder,138,7,18,4,38,18,14,11,12,0,1,1,0,0,0,0,,,
B,ouroboros-v13-ladder,139,8,19,3,39,19,14,11,12,0,1,1,0,0,0,0,,,
B,ouroboros-v13-ladder,140,8,22,4,42,19,14,11,12,0,1,1,0,0,0,0,19.5,2.7083333333333335,14.083333333333334
B,ouroboros-v13-ladder,141,10,23,4,43,21,14,11,12,0,1,1,0,0,0,0,,,
B,ouroboros-v13-ladder,142,11,25,3,45,22,14,11,12,0,1,1,0,0,0,0,,,
B,ouroboros-v13-ladder,143,11,27,4,47,22,14,11,12,0,1,1,0,0,0,0,,,
B,ouroboros-v13-ladder,144,12,28,4,48,23,14,11,12,0,1,1,0,0,0,0,,,
B,ouroboros-v13-ladder,145,13,31,4,51,24,14,11,12,0,1,1,0,0,0,0,,,
B,ouroboros-v13-ladder,146,14,35,4,55,25,14,11,12,0,1,1,0,0,0,0,,,
B,ouroboros-v13-ladder,147,16,38,4,58,27,14,11,12,0,1,1,0,0,0,0,,,
B,ouroboros-v13-ladder,148,17,42,4,62,28,14,11,12,0,1,1,0,0,0,0,,,
B,ouroboros-v13-ladder,149,19,46,4,66,30,14,11,12,0,1,1,0,0,0,0,,,
B,ouroboros-v13-ladder,150,20,51,4,71,31,14,11,12,0,1,1,0,0,0,0,21.291666666666668,2.7916666666666665,14.083333333333334
B,ouroboros-v13-ladder,151,21,55,4,75,32,14,11,12,0,1,1,0,0,0,0,,,
B,ouroboros-v13-ladder,152,21,59,4,80,32,14,11,12,0,1,1,0,0,0,0,,,
B,ouroboros-v13-ladder,153,23,61,4,82,34,14,11,12,0,1,1,0,0,0,0,,,
B,ouroboros-v13-ladder,154,24,63,4,85,35,14,11,12,0,1,1,0,0,0,0,,,
B,ouroboros-v13-ladder,155,25,67,4,89,36,14,11,12,0,1,1,0,0,0,0,,,
B,ouroboros-v13-ladder,156,26,69,5,91,37,14,11,12,0,1,1,0,0,0,0,,,
B,ouroboros-v13-ladder,157,27,74,6,97,38,14,11,12,0,1,1,0,0,0,0,,,
B,ouroboros-v13-ladder,158,28,78,6,101,39,14,11,12,0,1,1,0,0,0,0,,,
B,ouroboros-v13-ladder,159,31,80,5,103,42,14,11,12,0,1,1,0,0,0,0,,,
B,ouroboros-v13-ladder,160,32,85,6,108,43,14,11,12,0,1,1,0,0,0,0,20.0,5.0,14.083333333333334
B,ouroboros-v13-ladder,161,33,87,6,110,44,14,11,12,0,1,1,0,0,0,0,,,
B,ouroboros-v13-ladder,162,34,88,6,111,45,14,12,12,0,1,1,0,0,0,0,,,
B,ouroboros-v13-ladder,163,35,92,7,115,46,14,12,12,0,1,1,0,0,0,0,,,
B,ouroboros-v13-ladder,164,36,93,7,116,47,14,12,12,0,1,1,0,0,0,0,,,
B,ouroboros-v13-ladder,165,35,95,8,120,47,15,12,12,1,1,1,0,0,0,0,,,
B,ouroboros-v13-ladder,166,35,96,8,121,47,15,12,12,1,1,1,0,0,0,0,,,
B,ouroboros-v13-ladder,167,35,96,8,121,47,15,12,12,1,1,1,0,0,0,0,,,
B,ouroboros-v13-ladder,168,35,97,8,122,47,15,12,12,1,1,1,0,0,0,0,,,
B,ouroboros-v13-ladder,169,36,99,8,124,48,15,12,12,1,1,1,0,0,0,0,,,
B,ouroboros-v13-ladder,170,36,99,9,126,49,16,13,13,1,1,1,0,0,0,0,25.333333333333332,0.9166666666666666,14.083333333333334
B,ouroboros-v13-ladder,171,37,101,10,128,50,16,13,13,1,1,1,0,0,0,0,,,
B,ouroboros-v13-ladder,172,39,103,11,130,52,16,13,13,1,1,1,0,0,0,0,,,
B,ouroboros-v13-ladder,173,40,104,12,131,53,16,13,13,1,1,1,0,0,0,0,,,
B,ouroboros-v13-ladder,174,40,106,13,133,53,16,13,13,1,1,1,0,0,0,0,,,
B,ouroboros-v13-ladder,175,40,107,14,134,53,16,13,13,1,1,1,0,0,0,0,,,
B,ouroboros-v13-ladder,176,39,91,4,134,55,19,14,14,3,1,1,0,0,0,0,,,
B,ouroboros-v13-ladder,177,39,91,4,136,56,20,15,15,3,1,1,0,0,0,0,,,
B,ouroboros-v13-ladder,178,39,88,3,136,57,21,15,15,4,1,1,0,0,0,0,,,
B,ouroboros-v13-ladder,179,39,91,3,139,57,21,15,15,4,1,1,0,0,0,0,,,
B,ouroboros-v13-ladder,180,39,92,3,140,57,21,15,15,4,1,1,0,0,0,0,25.458333333333332,1.9166666666666667,14.083333333333334
B,ouroboros-v13-ladder,181,39,94,4,142,57,21,15,15,4,1,1,0,0,0,0,,,
B,ouroboros-v13-ladder,182,40,96,4,144,58,21,15,15,4,1,1,0,0,0,0,,,
B,ouroboros-v13-ladder,183,39,96,4,147,58,22,16,16,4,1,1,0,0,0,0,,,
B,ouroboros-v13-ladder,184,38,97,5,151,58,23,16,16,4,2,1,0,0,0,0,,,
B,ouroboros-v13-ladder,185,39,97,5,151,59,23,16,16,4,2,1,0,0,0,0,,,
B,ouroboros-v13-ladder,186,38,98,6,155,59,24,17,17,4,2,1,0,0,0,0,,,
B,ouroboros-v13-ladder,187,39,99,7,156,60,24,17,17,4,2,1,0,0,0,0,,,
B,ouroboros-v13-ladder,188,38,99,7,158,60,25,18,18,4,2,1,0,0,0,0,,,
B,ouroboros-v13-ladder,189,39,101,7,160,61,25,18,18,4,2,1,0,0,0,0,,,
B,ouroboros-v13-ladder,190,38,102,7,164,61,26,18,18,5,2,1,0,0,0,0,23.125,2.2083333333333335,14.083333333333334
B,ouroboros-v13-ladder,191,40,104,5,166,63,26,18,18,5,2,1,0,0,0,0,,,
B,ouroboros-v13-ladder,192,38,99,5,171,65,30,19,19,8,2,1,0,0,0,0,,,
B,ouroboros-v13-ladder,193,40,100,5,172,67,30,19,19,8,2,1,0,0,0,0,,,
B,ouroboros-v13-ladder,194,40,99,5,173,68,31,19,19,9,2,1,0,0,0,0,,,
B,ouroboros-v13-ladder,195,40,99,6,174,68,31,19,19,9,2,1,0,0,0,0,,,
B,ouroboros-v13-ladder,196,41,104,4,179,69,31,19,19,9,2,1,0,0,0,0,,,
B,ouroboros-v13-ladder,197,42,107,4,182,70,31,19,19,9,2,1,0,0,0,0,,,
B,ouroboros-v13-ladder,198,43,108,4,183,71,31,19,19,9,2,1,0,0,0,0,,,
B,ouroboros-v13-ladder,199,42,109,4,187,71,32,20,20,9,2,1,0,0,0,0,,,
B,ouroboros-v13-ladder,200,42,114,5,192,71,32,20,20,9,2,1,0,0,0,0,26.708333333333332,2.0416666666666665,14.083333333333334
B,ouroboros-v13-ladder,201,41,113,5,193,71,33,20,20,9,3,1,0,0,0,0,,,
B,ouroboros-v13-ladder,202,41,116,5,196,71,33,20,20,9,3,1,0,0,0,0,,,
B,ouroboros-v13-ladder,203,41,115,6,198,72,34,20,20,10,3,1,0,0,0,0,,,
B,ouroboros-v13-ladder,204,41,116,6,200,72,34,20,20,10,3,1,0,0,0,0,,,
B,ouroboros-v13-ladder,205,40,116,7,203,72,35,21,21,10,3,1,0,0,0,0,,,
B,ouroboros-v13-ladder,206,42,120,8,207,74,35,21,21,10,3,1,0,0,0,0,,,
B,ouroboros-v13-ladder,207,41,120,9,209,74,36,22,21,10,4,1,0,0,0,0,,,
B,ouroboros-v13-ladder,208,41,122,9,211,74,36,22,21,10,4,1,0,0,0,0,,,
B,ouroboros-v13-ladder,209,41,126,9,215,74,36,22,21,10,4,1,0,0,0,0,,,
B,ouroboros-v13-ladder,210,41,121,9,215,75,37,23,22,10,4,1,0,0,0,0,25.958333333333332,2.5416666666666665,14.083333333333334
B,ouroboros-v13-ladder,211,39,118,9,217,75,39,23,22,12,4,1,0,0,0,0,,,
B,ouroboros-v13-ladder,212,41,120,9,219,77,39,23,22,12,4,1,0,0,0,0,,,
B,ouroboros-v13-ladder,213,42,121,9,220,78,39,23,22,12,4,1,0,0,0,0,,,
B,ouroboros-v13-ladder,214,42,120,9,222,79,40,24,23,12,4,1,0,0,0,0,,,
B,ouroboros-v13-ladder,215,41,118,9,223,79,41,24,23,13,4,1,0,0,0,0,,,
B,ouroboros-v13-ladder,216,41,119,9,227,80,42,25,24,13,4,1,0,0,0,0,,,
B,ouroboros-v13-ladder,217,42,122,10,230,81,42,25,24,13,4,1,0,0,0,0,,,
B,ouroboros-v13-ladder,218,42,123,10,231,81,42,25,24,13,4,1,0,0,0,0,,,
B,ouroboros-v13-ladder,219,41,124,10,234,81,43,26,25,13,4,1,0,0,0,0,,,
B,ouroboros-v13-ladder,220,42,126,10,236,82,43,26,25,13,4,1,0,0,0,0,24.833333333333332,3.4166666666666665,14.083333333333334
B,ouroboros-v13-ladder,221,45,128,10,238,85,43,26,25,13,4,1,0,0,0,0,,,
B,ouroboros-v13-ladder,222,42,126,10,242,85,46,27,26,15,4,1,0,0,0,0,,,
B,ouroboros-v13-ladder,223,42,125,11,243,86,47,28,27,15,4,1,0,0,0,0,,,
B,ouroboros-v13-ladder,224,42,128,11,246,86,47,28,27,15,4,1,0,0,0,0,,,
B,ouroboros-v13-ladder,225,43,126,11,246,88,48,28,27,16,4,1,0,0,0,0,,,
B,ouroboros-v13-ladder,226,40,124,11,251,88,51,29,28,18,4,1,0,0,0,0,,,
B,ouroboros-v13-ladder,227,39,122,11,253,89,53,30,29,18,5,1,0,0,0,0,,,
B,ouroboros-v13-ladder,228,38,120,11,253,89,54,30,29,19,5,1,0,0,0,0,,,
B,ouroboros-v13-ladder,229,38,123,11,257,89,54,30,29,19,5,1,0,0,0,0,,,
B,ouroboros-v13-ladder,230,38,126,11,261,89,54,30,29,19,5,1,0,0,0,0,26.0,3.3333333333333335,14.083333333333334
B,ouroboros-v13-ladder,231,40,126,11,261,91,54,30,29,19,5,1,0,0,0,0,,,
B,ouroboros-v13-ladder,232,40,129,11,264,91,54,30,29,19,5,1,0,0,0,0,,,
B,ouroboros-v13-ladder,233,37,119,11,267,92,58,32,31,20,6,1,0,0,0,0,,,
B,ouroboros-v13-ladder,234,36,120,11,271,92,59,32,31,21,6,1,0,0,0,0,,,
B,ouroboros-v13-ladder,235,37,122,12,274,93,59,32,31,21,6,1,0,0,0,0,,,
B,ouroboros-v13-ladder,236,37,123,12,275,93,59,32,31,21,6,1,0,0,0,0,,,
B,ouroboros-v13-ladder,237,37,124,12,279,94,60,32,31,21,7,1,0,0,0,0,,,
B,ouroboros-v13-ladder,238,39,128,12,283,96,60,32,31,21,7,1,0,0,0,0,,,
B,ouroboros-v13-ladder,239,38,126,12,285,97,62,33,32,22,7,1,0,0,0,0,,,
B,ouroboros-v13-ladder,240,40,127,12,287,99,62,33,32,22,7,1,0,0,0,0,28.125,1.7916666666666667,14.083333333333334
B,ouroboros-v13-ladder,241,38,124,12,288,99,64,33,32,23,8,1,0,0,0,0,,,
B,ouroboros-v13-ladder,242,38,127,12,291,99,64,33,32,23,8,1,0,0,0,0,,,
B,ouroboros-v13-ladder,243,38,129,12,293,99,64,33,32,23,8,1,0,0,0,0,,,
B,ouroboros-v13-ladder,244,38,129,12,297,99,64,33,32,23,8,1,0,0,0,0,,,
B,ouroboros-v13-ladder,245,40,130,12,298,101,64,33,32,23,8,1,0,0,0,0,,,
B,ouroboros-v13-ladder,246,41,130,12,300,103,65,33,32,24,8,1,0,0,0,0,,,
B,ouroboros-v13-ladder,247,40,129,12,301,103,66,33,32,25,8,1,0,0,0,0,,,
B,ouroboros-v13-ladder,248,39,128,12,302,103,67,34,33,25,8,1,0,0,0,0,,,
B,ouroboros-v13-ladder,249,39,128,12,302,103,67,34,33,25,8,1,0,0,0,0,,,
B,ouroboros-v13-ladder,250,39,125,12,303,104,68,35,34,25,8,1,0,0,0,0,27.583333333333332,2.7916666666666665,14.083333333333334
B,ouroboros-v13-ladder,251,38,122,12,303,104,69,36,35,25,8,1,0,0,0,0,,,
B,ouroboros-v13-ladder,252,38,122,12,303,104,69,36,35,25,8,1,0,0,0,0,,,
B,ouroboros-v13-ladder,253,37,119,12,303,104,70,37,36,25,8,1,0,0,0,0,,,
B,ouroboros-v13-ladder,254,37,120,12,304,104,70,37,36,25,8,1,0,0,0,0,,,
B,ouroboros-v13-ladder,255,38,121,12,306,105,70,37,36,25,8,1,0,0,0,0,,,
B,ouroboros-v13-ladder,256,39,123,12,308,106,70,37,36,25,8,1,0,0,0,0,,,
B,ouroboros-v13-ladder,257,39,123,12,308,106,70,37,36,25,8,1,0,0,0,0,,,
B,ouroboros-v13-ladder,258,39,125,12,310,106,70,37,36,25,8,1,0,0,0,0,,,
B,ouroboros-v13-ladder,259,39,128,12,313,106,70,37,36,25,8,1,0,0,0,0,,,
B,ouroboros-v13-ladder,260,38,115,7,315,107,72,37,36,27,8,1,0,0,0,0,27.041666666666668,3.0833333333333335,14.083333333333334
B,ouroboros-v13-ladder,261,39,113,7,316,109,73,37,36,28,8,1,0,0,0,0,,,
B,ouroboros-v13-ladder,262,38,115,7,321,109,74,38,37,28,8,1,0,0,0,0,,,
B,ouroboros-v13-ladder,263,39,117,7,323,110,74,38,37,28,8,1,0,0,0,0,,,
B,ouroboros-v13-ladder,264,35,110,8,327,110,78,38,37,31,9,1,0,0,0,0,,,
B,ouroboros-v13-ladder,265,36,110,7,330,112,79,39,38,31,9,1,0,0,0,0,,,
B,ouroboros-v13-ladder,266,35,110,7,334,112,80,39,38,32,9,1,0,0,0,0,,,
B,ouroboros-v13-ladder,267,36,111,8,338,114,81,39,38,32,10,1,0,0,0,0,,,
B,ouroboros-v13-ladder,268,36,112,8,341,115,82,40,39,32,10,1,0,0,0,0,,,
B,ouroboros-v13-ladder,269,36,115,8,344,115,82,40,39,32,10,1,0,0,0,0,,,
B,ouroboros-v13-ladder,270,37,110,8,346,117,83,41,40,32,10,1,0,0,0,0,24.041666666666668,2.5416666666666665,14.083333333333334
B,ouroboros-v13-ladder,271,37,112,8,351,118,84,42,41,32,10,1,0,0,0,0,,,
B,ouroboros-v13-ladder,272,38,112,8,351,119,84,42,41,32,10,1,0,0,0,0,,,
B,ouroboros-v13-ladder,273,39,116,8,355,120,84,42,41,32,10,1,0,0,0,0,,,
B,ouroboros-v13-ladder,274,39,120,8,359,120,84,42,41,32,10,1,0,0,0,0,,,
B,ouroboros-v13-ladder,275,40,119,8,359,121,84,42,41,32,10,1,0,0,0,0,,,
B,ouroboros-v13-ladder,276,37,112,8,360,121,87,43,42,33,11,1,0,0,0,0,,,
B,ouroboros-v13-ladder,277,37,112,8,360,121,87,43,42,33,11,1,0,0,0,0,,,
B,ouroboros-v13-ladder,278,38,114,8,363,122,87,43,42,33,11,1,0,0,0,0,,,
B,ouroboros-v13-ladder,279,38,118,9,368,122,87,43,42,33,11,1,0,0,0,0,,,
B,ouroboros-v13-ladder,280,38,118,10,371,123,88,44,43,33,11,1,0,0,0,0,27.041666666666668,0.5833333333333334,14.083333333333334
B,ouroboros-v13-ladder,281,39,123,11,376,124,88,44,43,33,11,1,0,0,0,0,,,
B,ouroboros-v13-ladder,282,41,125,11,378,126,88,44,43,33,11,1,0,0,0,0,,,
B,ouroboros-v13-ladder,283,41,126,11,380,126,88,44,43,33,11,1,0,0,0,0,,,
B,ouroboros-v13-ladder,284,41,127,11,381,126,88,44,43,33,11,1,0,0,0,0,,,
B,ouroboros-v13-ladder,285,42,128,11,382,127,88,44,43,33,11,1,0,0,0,0,,,
B,ouroboros-v13-ladder,286,42,129,11,383,127,88,44,43,33,11,1,0,0,0,0,,,
B,ouroboros-v13-ladder,287,42,131,11,385,127,88,44,43,33,11,1,0,0,0,0,,,
B,ouroboros-v13-ladder,288,41,130,11,387,127,89,45,44,33,11,1,0,0,0,0,,,
B,ouroboros-v13-ladder,289,41,131,11,388,127,89,45,44,33,11,1,0,0,0,0,,,
B,ouroboros-v13-ladder,290,42,131,11,388,128,89,45,44,33,11,1,0,0,0,0,26.083333333333332,1.9583333333333333,14.083333333333334
B,ouroboros-v13-ladder,291,42,132,11,389,128,89,45,44,33,11,1,0,0,0,0,,,
B,ouroboros-v13-ladder,292,41,131,11,390,128,90,46,45,33,11,1,0,0,0,0,,,
B,ouroboros-v13-ladder,293,41,132,11,392,128,90,46,45,33,11,1,0,0,0,0,,,
B,ouroboros-v13-ladder,294,38,120,11,393,128,93,47,46,35,11,1,0,0,0,0,,,
B,ouroboros-v13-ladder,295,38,123,11,396,128,93,47,46,35,11,1,0,0,0,0,,,
B,ouroboros-v13-ladder,296,39,124,11,397,129,93,47,46,35,11,1,0,0,0,0,,,
B,ouroboros-v13-ladder,297,39,123,11,398,130,94,47,46,36,11,1,0,0,0,0,,,
B,ouroboros-v13-ladder,298,40,125,11,401,131,94,47,46,36,11,1,0,0,0,0,,,
B,ouroboros-v13-ladder,299,41,126,11,402,132,94,47,46,36,11,1,0,0,0,0,,,
B,ouroboros-v13-ladder,300,41,130,11,406,132,94,47,46,36,11,1,0,0,0,0,26.625,1.2916666666666667,14.083333333333334
B,ouroboros-v13-ladder,301,41,130,11,406,132,94,47,46,36,11,1,0,0,0,0,,,
B,ouroboros-v13-ladder,302,39,127,11,408,132,96,48,47,36,12,1,0,0,0,0,,,
B,ouroboros-v13-ladder,303,39,127,11,409,132,96,48,47,36,12,1,0,0,0,0,,,
B,ouroboros-v13-ladder,304,40,128,11,410,133,96,48,47,36,12,1,0,0,0,0,,,
B,ouroboros-v13-ladder,305,40,129,11,412,133,96,48,47,36,12,1,0,0,0,0,,,
B,ouroboros-v13-ladder,306,40,130,11,414,133,96,48,47,36,12,1,0,0,0,0,,,
B,ouroboros-v13-ladder,307,39,126,12,415,134,98,49,48,37,12,1,0,0,0,0,,,
B,ouroboros-v13-ladder,308,40,130,12,419,135,98,49,48,37,12,1,0,0,0,0,,,
B,ouroboros-v13-ladder,309,40,130,12,422,136,99,49,48,38,12,1,0,0,0,0,,,
B,ouroboros-v13-ladder,310,38,128,12,424,136,101,49,48,40,12,1,0,0,0,0,25.916666666666668,1.625,14.083333333333334
B,ouroboros-v13-ladder,311,38,130,12,426,136,101,49,48,40,12,1,0,0,0,0,,,
B,ouroboros-v13-ladder,312,40,130,12,427,138,101,49,48,40,12,1,0,0,0,0,,,
B,ouroboros-v13-ladder,313,39,127,12,430,140,104,50,49,42,12,1,0,0,0,0,,,
B,ouroboros-v13-ladder,314,38,128,12,433,140,105,50,49,43,12,1,0,0,0,0,,,
B,ouroboros-v13-ladder,315,39,127,12,438,143,107,50,49,45,12,1,0,0,0,0,,,
B,ouroboros-v13-ladder,316,38,125,12,439,143,108,50,49,46,12,1,0,0,0,0,,,
B,ouroboros-v13-ladder,317,38,125,12,441,144,109,50,49,47,12,1,0,0,0,0,,,
B,ouroboros-v13-ladder,318,40,127,12,443,146,109,50,49,47,12,1,0,0,0,0,,,
B,ouroboros-v13-ladder,319,38,124,13,444,146,111,51,50,47,13,1,0,0,0,0,,,
B,ouroboros-v13-ladder,320,40,126,13,446,148,111,51,50,47,13,1,0,0,0,0,25.791666666666668,2.875,14.083333333333334
B,ouroboros-v13-ladder,321,39,127,13,449,148,112,51,50,48,13,1,0,0,0,0,,,
B,ouroboros-v13-ladder,322,40,129,13,451,149,112,51,50,48,13,1,0,0,0,0,,,
B,ouroboros-v13-ladder,323,38,128,13,454,149,114,51,50,50,13,1,0,0,0,0,,,
B,ouroboros-v13-ladder,324,37,128,13,457,149,115,51,50,51,13,1,0,0,0,0,,,
B,ouroboros-v13-ladder,325,41,131,13,460,153,115,51,50,51,13,1,0,0,0,0,,,
B,ouroboros-v13-ladder,326,41,133,13,462,153,115,51,50,51,13,1,0,0,0,0,,,
B,ouroboros-v13-ladder,327,41,136,13,465,153,115,51,50,51,13,1,0,0,0,0,,,
B,ouroboros-v13-ladder,328,41,136,13,467,154,116,52,51,51,13,1,0,0,0,0,,,
B,ouroboros-v13-ladder,329,43,137,13,468,156,116,52,51,51,13,1,0,0,0,0,,,
B,ouroboros-v13-ladder,330,43,138,13,472,157,117,52,51,52,13,1,0,0,0,0,29.25,1.9166666666666667,14.083333333333334
B,ouroboros-v13-ladder,331,45,139,13,473,159,117,52,51,52,13,1,0,0,0,0,,,
B,ouroboros-v13-ladder,332,46,141,13,476,160,117,52,51,52,13,1,0,0,0,0,,,
B,ouroboros-v13-ladder,333,43,134,13,476,160,120,53,52,53,14,1,0,0,0,0,,,
B,ouroboros-v13-ladder,334,43,135,13,478,160,120,53,52,53,14,1,0,0,0,0,,,
B,ouroboros-v13-ladder,335,44,137,13,480,161,120,53,52,53,14,1,0,0,0,0,,,
B,ouroboros-v13-ladder,336,44,140,13,483,161,120,53,52,53,14,1,0,0,0,0,,,
B,ouroboros-v13-ladder,337,43,138,13,484,161,121,53,52,54,14,1,0,0,0,0,,,
B,ouroboros-v13-ladder,338,43,139,13,485,161,121,53,52,54,14,1,0,0,0,0,,,
B,ouroboros-v13-ladder,339,43,141,13,487,161,121,53,52,54,14,1,0,0,0,0,,,
B,ouroboros-v13-ladder,340,44,143,13,490,162,121,53,52,54,14,1,0,0,0,0,29.041666666666668,1.2916666666666667,14.083333333333334
B,ouroboros-v13-ladder,341,45,145,13,492,163,121,53,52,54,14,1,0,0,0,0,,,
B,ouroboros-v13-ladder,342,45,146,13,493,163,121,53,52,54,14,1,0,0,0,0,,,
B,ouroboros-v13-ladder,343,43,143,13,495,163,123,53,52,54,16,1,0,0,0,0,,,
B,ouroboros-v13-ladder,344,43,145,13,497,163,123,53,52,54,16,1,0,0,0,0,,,
B,ouroboros-v13-ladder,345,42,143,13,497,163,124,53,52,55,16,1,0,0,0,0,,,
B,ouroboros-v13-ladder,346,42,144,13,498,163,124,53,52,55,16,1,0,0,0,0,,,
B,ouroboros-v13-ladder,347,40,144,13,503,163,126,53,52,57,16,1,0,0,0,0,,,
B,ouroboros-v13-ladder,348,41,148,13,507,164,126,53,52,57,16,1,0,0,0,0,,,
B,ouroboros-v13-ladder,349,40,144,13,511,165,128,53,52,59,16,1,0,0,0,0,,,
B,ouroboros-v13-ladder,350,41,144,13,513,167,129,53,52,60,16,1,0,0,0,0,29.708333333333332,3.0833333333333335,14.083333333333334
B,ouroboros-v13-ladder,351,40,141,13,516,168,131,53,52,61,17,1,0,0,0,0,,,
B,ouroboros-v13-ladder,352,40,140,13,518,169,132,54,53,61,17,1,0,0,0,0,,,
B,ouroboros-v13-ladder,353,40,142,13,521,169,132,54,53,61,17,1,0,0,0,0,,,
B,ouroboros-v13-ladder,354,41,140,12,521,170,132,54,53,61,17,1,0,0,0,0,,,
B,ouroboros-v13-ladder,355,42,143,12,524,171,132,54,53,61,17,1,0,0,0,0,,,
B,ouroboros-v13-ladder,356,39,134,12,525,171,135,54,53,64,17,1,0,0,0,0,,,
B,ouroboros-v13-ladder,357,40,136,12,528,172,135,54,53,64,17,1,0,0,0,0,,,
B,ouroboros-v13-ladder,358,41,138,12,530,173,135,54,53,64,17,1,0,0,0,0,,,
B,ouroboros-v13-ladder,359,42,139,12,531,174,135,54,53,64,17,1,0,0,0,0,,,
B,ouroboros-v13-ladder,360,44,142,12,534,176,135,54,53,64,17,1,0,0,0,0,30.375,5.375,14.083333333333334
B,ouroboros-v13-ladder,361,43,139,12,536,177,137,54,53,66,17,1,0,0,0,0,,,
B,ouroboros-v13-ladder,362,45,141,12,539,179,137,54,53,66,17,1,0,0,0,0,,,
B,ouroboros-v13-ladder,363,44,139,11,542,179,138,54,53,67,17,1,0,0,0,0,,,
B,ouroboros-v13-ladder,364,43,136,11,544,179,139,55,54,67,17,1,0,0,0,0,,,
B,ouroboros-v13-ladder,365,42,128,11,547,180,141,55,55,68,17,1,0,0,0,0,,,
B,ouroboros-v13-ladder,366,43,131,12,550,181,141,55,55,68,17,1,0,0,0,0,,,
B,ouroboros-v13-ladder,367,43,138,12,557,181,141,55,55,68,17,1,0,0,0,0,,,
B,ouroboros-v13-ladder,368,43,140,12,559,181,141,55,55,68,17,1,0,0,0,0,,,
B,ouroboros-v13-ladder,369,43,146,12,565,181,141,55,55,68,17,1,0,0,0,0,,,
B,ouroboros-v13-ladder,370,42,144,12,566,181,142,56,56,68,17,1,0,0,0,0,31.666666666666668,2.7916666666666665,14.083333333333334
B,ouroboros-v13-ladder,371,41,142,12,568,181,143,56,56,69,17,1,0,0,0,0,,,
B,ouroboros-v13-ladder,372,42,142,12,569,182,143,56,56,69,17,1,0,0,0,0,,,
B,ouroboros-v13-ladder,373,41,142,13,571,182,144,57,57,69,17,1,0,0,0,0,,,
B,ouroboros-v13-ladder,374,39,139,13,573,182,146,57,57,70,18,1,0,0,0,0,,,
B,ouroboros-v13-ladder,375,39,141,13,576,182,146,57,57,70,18,1,0,0,0,0,,,
B,ouroboros-v13-ladder,376,39,140,14,577,183,147,57,58,70,18,1,0,0,0,0,,,
B,ouroboros-v13-ladder,377,38,140,14,579,183,148,57,58,71,18,1,0,0,0,0,,,
B,ouroboros-v13-ladder,378,39,142,15,581,184,148,57,58,71,18,1,0,0,0,0,,,
B,ouroboros-v13-ladder,379,38,140,15,582,184,149,57,58,72,18,1,0,0,0,0,,,
B,ouroboros-v13-ladder,380,38,142,15,584,184,149,57,58,72,18,1,0,0,0,0,29.666666666666668,1.7916666666666667,14.083333333333334
B,ouroboros-v13-ladder,381,38,143,15,585,184,149,57,58,72,18,1,0,0,0,0,,,
B,ouroboros-v13-ladder,382,39,147,15,589,185,149,57,58,72,18,1,0,0,0,0,,,
B,ouroboros-v13-ladder,383,37,143,15,590,185,151,58,59,73,18,1,0,0,0,0,,,
B,ouroboros-v13-ladder,384,37,145,15,592,185,151,58,59,73,18,1,0,0,0,0,,,
B,ouroboros-v13-ladder,385,37,144,15,595,186,152,58,59,74,18,1,0,0,0,0,,,
B,ouroboros-v13-ladder,386,35,141,15,597,186,154,59,60,75,18,1,0,0,0,0,,,
B,ouroboros-v13-ladder,387,35,142,15,598,186,154,59,60,75,18,1,0,0,0,0,,,
B,ouroboros-v13-ladder,388,35,144,15,600,186,154,59,60,75,18,1,0,0,0,0,,,
B,ouroboros-v13-ladder,389,35,147,15,604,186,154,59,60,75,18,1,0,0,0,0,,,
B,ouroboros-v13-ladder,390,35,148,15,605,186,154,59,60,75,18,1,0,0,0,0,29.958333333333332,1.6666666666666667,14.083333333333334
B,ouroboros-v13-ladder,391,34,143,15,605,186,155,60,61,75,18,1,0,0,0,0,,,
B,ouroboros-v13-ladder,392,33,140,15,607,186,156,60,61,76,18,1,0,0,0,0,,,
B,ouroboros-v13-ladder,393,32,138,15,608,186,157,61,62,76,18,1,0,0,0,0,,,
B,ouroboros-v13-ladder,394,32,139,15,610,186,157,61,62,76,18,1,0,0,0,0,,,
B,ouroboros-v13-ladder,395,32,141,15,612,186,157,61,62,76,18,1,0,0,0,0,,,
B,ouroboros-v13-ladder,396,32,143,15,614,186,157,61,62,76,18,1,0,0,0,0,,,
B,ouroboros-v13-ladder,397,32,145,15,617,186,157,61,62,76,18,1,0,0,0,0,,,
B,ouroboros-v13-ladder,398,31,144,15,619,186,158,62,63,76,18,1,0,0,0,0,,,
B,ouroboros-v13-ladder,399,31,145,15,620,186,158,62,63,76,18,1,0,0,0,0,,,
B,ouroboros-v13-ladder,400,32,147,15,623,187,158,62,63,76,18,1,0,0,0,0,32.666666666666664,2.6666666666666665,14.083333333333334
B,ouroboros-v13-ladder,401,31,147,15,625,187,159,62,63,76,18,1,1,1,0,0,,,
B,ouroboros-v13-ladder,402,31,151,15,629,187,159,62,63,76,18,1,1,1,0,0,,,
B,ouroboros-v13-ladder,403,29,147,15,633,187,161,62,64,76,18,1,2,2,0,0,,,
B,ouroboros-v13-ladder,404,29,149,15,635,187,161,62,64,76,18,1,2,2,0,0,,,
B,ouroboros-v13-ladder,405,29,153,15,639,187,161,62,64,76,18,1,2,2,0,0,,,
B,ouroboros-v13-ladder,406,29,157,15,643,187,161,62,64,76,18,1,2,2,0,0,,,
B,ouroboros-v13-ladder,407,28,154,15,643,187,162,62,64,76,18,1,3,3,0,0,,,
B,ouroboros-v13-ladder,408,28,154,15,643,187,162,62,64,76,18,1,3,3,0,0,,,
B,ouroboros-v13-ladder,409,28,155,15,644,187,162,62,64,76,18,1,3,3,0,0,,,
B,ouroboros-v13-ladder,410,28,152,15,647,189,164,63,65,76,18,1,4,4,0,0,37.333333333333336,2.8333333333333335,14.083333333333334
B,ouroboros-v13-ladder,411,26,149,15,648,189,166,63,66,76,18,1,5,5,0,0,,,
B,ouroboros-v13-ladder,412,23,125,15,651,189,169,64,67,76,18,1,7,7,0,0,,,
B,ouroboros-v13-ladder,413,23,126,15,653,189,169,64,67,76,18,1,7,7,0,0,,,
B,ouroboros-v13-ladder,414,22,122,15,655,190,171,65,68,76,18,1,8,8,0,0,,,
B,ouroboros-v13-ladder,415,21,124,16,659,190,172,65,68,76,18,1,9,9,0,0,,,
B,ouroboros-v13-ladder,416,22,127,16,662,191,172,66,68,76,18,1,9,9,0,0,,,
B,ouroboros-v13-ladder,417,22,130,17,665,191,172,66,68,76,18,1,9,9,0,0,,,
B,ouroboros-v13-ladder,418,22,134,18,669,191,172,66,68,76,18,1,9,9,0,0,,,
B,ouroboros-v13-ladder,419,21,133,18,670,191,173,66,68,76,18,1,10,10,0,0,,,
B,ouroboros-v13-ladder,420,21,137,19,674,191,173,66,68,76,18,1,10,10,0,0,36.458333333333336,1.9583333333333333,14.083333333333334
B,ouroboros-v13-ladder,421,22,140,19,677,192,173,66,68,76,18,1,10,10,0,0,,,
B,ouroboros-v13-ladder,422,20,136,20,680,192,175,66,69,76,18,1,11,11,0,0,,,
B,ouroboros-v13-ladder,423,19,134,20,683,192,176,67,70,76,18,1,11,11,0,0,,,
B,ouroboros-v13-ladder,424,19,137,20,686,192,176,67,70,76,18,1,11,11,0,0,,,
B,ouroboros-v13-ladder,425,20,140,21,689,193,176,67,70,76,18,1,11,11,0,0,,,
B,ouroboros-v13-ladder,426,18,129,21,692,193,178,68,71,77,18,1,11,11,0,0,,,
B,ouroboros-v13-ladder,427,18,131,21,694,193,178,68,71,77,18,1,11,11,0,0,,,
B,ouroboros-v13-ladder,428,17,128,21,696,193,179,68,71,77,18,1,12,12,0,0,,,
B,ouroboros-v13-ladder,429,17,132,21,700,193,179,68,71,77,18,1,12,12,0,0,,,
B,ouroboros-v13-ladder,430,17,133,21,701,193,179,68,71,77,18,1,12,12,0,0,34.541666666666664,2.375,14.083333333333334
B,ouroboros-v13-ladder,431,17,137,22,706,193,179,68,71,77,18,1,12,12,0,0,,,
B,ouroboros-v13-ladder,432,16,131,22,708,193,180,68,71,77,18,1,13,13,0,0,,,
B,ouroboros-v13-ladder,433,15,124,22,709,194,182,68,71,78,18,1,14,14,0,0,,,
B,ouroboros-v13-ladder,434,14,124,23,711,194,183,68,71,79,18,1,14,14,0,0,,,
B,ouroboros-v13-ladder,435,14,125,23,712,194,183,68,71,79,18,1,14,14,0,0,,,
B,ouroboros-v13-ladder,436,13,120,24,715,194,184,68,71,79,18,1,15,15,0,0,,,
B,ouroboros-v13-ladder,437,13,121,24,716,194,184,68,71,79,18,1,15,15,0,0,,,
B,ouroboros-v13-ladder,438,13,124,25,719,194,184,68,71,79,18,1,15,15,0,0,,,
B,ouroboros-v13-ladder,439,13,126,25,721,194,184,68,71,79,18,1,15,15,0,0,,,
B,ouroboros-v13-ladder,440,13,128,26,723,194,184,68,71,79,18,1,15,15,0,0,36.375,2.25,14.083333333333334
B,ouroboros-v13-ladder,441,13,130,26,725,194,184,68,71,79,18,1,15,15,0,0,,,
B,ouroboros-v13-ladder,442,13,131,27,726,194,184,68,71,79,18,1,15,15,0,0,,,
B,ouroboros-v13-ladder,443,13,130,27,726,194,184,68,71,79,18,1,15,15,0,0,,,
B,ouroboros-v13-ladder,444,14,130,26,726,195,184,68,71,79,18,1,15,15,0,0,,,
B,ouroboros-v13-ladder,445,13,130,26,728,195,185,68,71,80,18,1,15,15,0,0,,,
B,ouroboros-v13-ladder,446,13,133,26,731,195,185,68,71,80,18,1,15,15,0,0,,,
B,ouroboros-v13-ladder,447,12,125,27,734,195,186,68,71,80,18,1,16,16,0,0,,,
B,ouroboros-v13-ladder,448,12,128,28,737,195,186,68,71,80,18,1,16,16,0,0,,,
B,ouroboros-v13-ladder,449,12,130,29,739,195,186,68,71,80,18,1,16,16,0,0,,,
B,ouroboros-v13-ladder,450,12,133,29,742,195,186,68,71,80,18,1,16,16,0,0,38.0,2.9583333333333335,14.083333333333334
B,ouroboros-v13-ladder,451,12,136,30,745,195,186,68,71,80,18,1,16,16,0,0,,,
B,ouroboros-v13-ladder,452,12,139,30,748,195,186,68,71,80,18,1,16,16,0,0,,,
B,ouroboros-v13-ladder,453,12,141,30,750,195,186,68,71,80,18,1,16,16,0,0,,,
B,ouroboros-v13-ladder,454,12,142,30,751,195,186,68,71,80,18,1,16,16,0,0,,,
B,ouroboros-v13-ladder,455,11,136,30,755,195,187,68,71,80,18,1,17,17,0,0,,,
B,ouroboros-v13-ladder,456,11,139,30,758,195,187,68,71,80,18,1,17,17,0,0,,,
B,ouroboros-v13-ladder,457,11,142,30,761,195,187,68,71,80,18,1,17,17,0,0,,,
B,ouroboros-v13-ladder,458,11,143,30,762,195,187,68,71,80,18,1,17,17,0,0,,,
B,ouroboros-v13-ladder,459,11,147,30,766,195,187,68,71,80,18,1,17,17,0,0,,,
B,ouroboros-v13-ladder,460,11,148,30,768,195,187,68,71,80,18,1,17,17,0,0,34.5,4.166666666666667,14.083333333333334
B,ouroboros-v13-ladder,461,11,151,30,771,195,187,68,71,80,18,1,17,17,0,0,,,
B,ouroboros-v13-ladder,462,10,147,30,772,195,188,68,72,80,18,1,17,17,0,0,,,
B,ouroboros-v13-ladder,463,10,150,30,775,195,188,68,72,80,18,1,17,17,0,0,,,
B,ouroboros-v13-ladder,464,10,151,30,776,195,188,68,72,80,18,1,17,17,0,0,,,
B,ouroboros-v13-ladder,465,10,153,30,778,195,188,68,72,80,18,1,17,17,0,0,,,
B,ouroboros-v13-ladder,466,10,156,30,781,195,188,68,72,80,18,1,17,17,0,0,,,
B,ouroboros-v13-ladder,467,10,157,30,782,195,188,68,72,80,18,1,17,17,0,0,,,
B,ouroboros-v13-ladder,468,10,160,30,785,195,188,68,72,80,18,1,17,17,0,0,,,
B,ouroboros-v13-ladder,469,10,161,30,786,195,188,68,72,80,18,1,17,17,0,0,,,
B,ouroboros-v13-ladder,470,10,162,30,787,195,188,68,72,80,18,1,17,17,0,0,36.083333333333336,6.541666666666667,14.083333333333334
B,ouroboros-v13-ladder,471,10,164,30,789,195,188,68,72,80,18,1,17,17,0,0,,,
B,ouroboros-v13-ladder,472,10,166,30,791,195,188,68,72,80,18,1,17,17,0,0,,,
B,ouroboros-v13-ladder,473,10,167,30,792,195,188,68,72,80,18,1,17,17,0,0,,,
B,ouroboros-v13-ladder,474,11,168,30,793,196,188,68,72,80,18,1,17,17,0,0,,,
B,ouroboros-v13-ladder,475,10,167,30,794,196,189,68,72,81,18,1,17,17,0,0,,,
B,ouroboros-v13-ladder,476,10,167,30,794,196,189,68,72,81,18,1,17,17,0,0,,,
B,ouroboros-v13-ladder,477,10,168,30,795,196,189,68,72,81,18,1,17,17,0,0,,,
B,ouroboros-v13-ladder,478,10,170,30,797,196,189,68,72,81,18,1,17,17,0,0,,,
B,ouroboros-v13-ladder,479,10,172,30,799,196,189,68,72,81,18,1,17,17,0,0,,,
B,ouroboros-v13-ladder,480,9,169,30,803,196,190,69,73,81,18,1,17,17,0,0,37.0,3.25,14.083333333333334
B,ouroboros-v13-ladder,481,9,171,30,805,196,190,69,73,81,18,1,17,17,0,0,,,
B,ouroboros-v13-ladder,482,9,174,30,808,196,190,69,73,81,18,1,17,17,0,0,,,
B,ouroboros-v13-ladder,483,9,178,30,812,196,190,69,73,81,18,1,17,17,0,0,,,
B,ouroboros-v13-ladder,484,9,180,30,814,196,190,69,73,81,18,1,17,17,0,0,,,
B,ouroboros-v13-ladder,485,9,182,30,816,196,190,69,73,81,18,1,17,17,0,0,,,
B,ouroboros-v13-ladder,486,9,186,30,820,196,190,69,73,81,18,1,17,17,0,0,,,
B,ouroboros-v13-ladder,487,9,189,30,823,196,190,69,73,81,18,1,17,17,0,0,,,
B,ouroboros-v13-ladder,488,9,191,30,825,196,190,69,73,81,18,1,17,17,0,0,,,
B,ouroboros-v13-ladder,489,9,192,30,826,196,190,69,73,81,18,1,17,17,0,0,,,
B,ouroboros-v13-ladder,490,9,193,30,827,196,190,69,73,81,18,1,17,17,0,0,35.25,1.25,14.083333333333334
B,ouroboros-v13-ladder,491,9,196,31,830,196,190,69,73,81,18,1,17,17,0,0,,,
B,ouroboros-v13-ladder,492,9,197,31,831,196,190,69,73,81,18,1,17,17,0,0,,,
B,ouroboros-v13-ladder,493,9,199,31,833,196,190,69,73,81,18,1,17,17,0,0,,,
B,ouroboros-v13-ladder,494,9,201,31,835,196,190,69,73,81,18,1,17,17,0,0,,,
B,ouroboros-v13-ladder,495,9,202,31,836,196,190,69,73,81,18,1,17,17,0,0,,,
B,ouroboros-v13-ladder,496,9,204,31,838,196,190,69,73,81,18,1,17,17,0,0,,,
B,ouroboros-v13-ladder,497,9,205,31,839,196,190,69,73,81,18,1,17,17,0,0,,,
B,ouroboros-v13-ladder,498,9,206,31,840,196,190,69,73,81,18,1,17,17,0,0,,,
B,ouroboros-v13-ladder,499,10,207,32,841,197,190,69,73,81,18,1,17,17,0,0,,,
B,ouroboros-v13-ladder,500,9,206,33,842,197,191,69,73,81,18,1,18,18,0,0,32.166666666666664,1.375,14.083333333333334
